0,0,1,0,1,0,-1,0,0,0,0,0.5,0
0,0,1,0,1,0,-1,0,0,2.32237710477777e-07,0,0.499999947746515,0
-1.1623468281763e-06,0,0.999999999999324,0,1,0,-0.999999999999324,0,-1.1623468281763e-06,1.84993243291486e-06,0,0.499999583765203,0
-3.90605991059426e-06,0,0.999999999992371,0,1,0,-0.999999999992371,0,-3.90605991059426e-06,6.21668742785744e-06,0,0.499998601245329,0
-9.21893460417586e-06,0,0.999999999957506,0,1,0,-0.999999999957506,0,-9.21893460417586e-06,1.4672390123163e-05,0,0.499996698712222,0
-1.79280320446816e-05,0,0.999999999839293,0,1,0,-0.999999999839293,0,-1.79280320446816e-05,2.85333491997382e-05,0,0.49999357999643,0
-3.08456845359473e-05,0,0.999999999524272,0,1,0,-0.999999999524272,0,-3.08456845359473e-05,4.90924316772773e-05,0,0.499988954202873,0
-4.87695816801705e-05,0,0.999999998810764,0,1,0,-0.999999998810764,0,-4.87695816801705e-05,7.76192e-05,0,0.49998253568,0
-7.24828565046633e-05,0,0.999999997373118,0,1,0,-0.999999997373118,0,-7.24828565046633e-05,0.000115360049122389,0,0.499974043988947,0
-0.000102754171582795,0,0.99999999472079,0,1,0,-0.99999999472079,0,-0.000102754171582795,0.000163538343594931,0,0.499963203872691,0
-0.000140337805146105,0,0.99999999015265,0,1,0,-0.99999999015265,0,-0.000140337805146105,0.000223354554649848,0,0.499949745225204,0
-0.000185973737183751,0,0.999999982706884,0,1,0,-0.999999982706884,0,-0.000185973737183751,0.000295986397286845,0,0.49993340306061,0
-0.000240387735524622,0,0.999999971106868,0,1,0,-0.999999971106868,0,-0.000240387735524622,0.000382588967358839,0,0.499913917482344,0
-0.000304291441896549,0,0.999999953703358,0,1,0,-0.999999953703358,0,-0.000304291441896549,0.000484294878657702,0,0.499891033652302,0
-0.000378382457956153,0,0.999999928413355,0,1,0,-0.999999928413355,0,-0.000378382457956153,0.0006022144,0,0.49986450176,0
-0.000463344431281972,0,0.999999892655963,0,1,0,-0.999999892655963,0,-0.000463344431281972,0.000737435592312727,0,0.49983407699173,0
-0.000559847141322598,0,0.999999843285577,0,1,0,-0.999999843285577,0,-0.000559847141322598,0.000891024445719046,0,0.499799519499713,0
-0.000668546585290695,0,0.999999776522707,0,1,0,-0.999999776522707,0,-0.000668546585290695,0.00106402501662403,0,0.49976059437126,0
-0.000790085063992882,0,0.999999687882747,0,1,0,-0.999999687882747,0,-0.000790085063992882,0.00125745956480038,0,0.49971707159792,0
-0.000925091267584696,0,0.999999572102982,0,1,0,-0.999999572102982,0,-0.000925091267584696,0.00147232869047421,0,0.499668726044643,0
-0.001074180361239,0,0.999999423068109,0,1,0,-0.999999423068109,0,-0.001074180361239,0.00170961147141072,0,0.499615337418933,0
-0.00123795407071557,0,0.999999233734566,0,1,0,-0.999999233734566,0,-0.00123795407071557,0.0019702656,0,0.49955669024,0
-0.00141700076781879,0,0.999998996053908,0,1,0,-0.999998996053908,0,-0.00141700076781879,0.00225522752034271,0,0.499492573807923,0
-0.00161189555572995,0,0.999998700895515,0,1,0,-0.999998700895515,0,-0.00161189555572995,0.00256541256533587,0,0.499422782172799,0
-0.0018232003541999,0,0.999998337968853,0,1,0,-0.999998337968853,0,-0.0018232003541999,0.00290171509375855,0,0.499347114103904,0
-0.00205146398458753,0,0.999997895745546,0,1,0,-0.999997895745546,0,-0.00205146398458753,0.00326500862735765,0,0.499265373058845,0
-0.00229722225472893,0,0.999997361381475,0,1,0,-0.999997361381475,0,-0.00229722225472893,0.0036561459879336,0,0.499177367152715,0
-0.00256099804362204,0,0.999996720639133,0,1,0,-0.999996720639133,0,-0.00256099804362204,0.00407595943442613,0,0.499082909127254,0
-0.00284330138591099,0,0.999995957810445,0,1,0,-0.999995957810445,0,-0.00284330138591099,0.0045252608,0,0.49898181632,0
-0.00314462955615464,0,0.999995055640254,0,1,0,-0.999995055640254,0,-0.00314462955615464,0.00500484162913072,0,0.498873910633446,0
-0.00346546715286315,0,0.999993995250678,0,1,0,-0.999993995250678,0,-0.00346546715286315,0.00551547331469031,0,0.498759018504195,0
-0.00380628618228703,0,0.999992756066512,0,1,0,-0.999992756066512,0,-0.00380628618228703,0.00605790723503302,0,0.498636970872118,0
-0.00416754614194272,0,0.999991315741869,0,1,0,-0.999991315741869,0,-0.00416754614194272,0.0066328748910811,0,0.498507603149507,0
-0.0045496941038592,0,0.99998965008822,0,1,0,-0.99998965008822,0,-0.0045496941038592,0.00724108804341048,0,0.498370755190233,0
-0.00495316479753027,0,0.999987733004005,0,1,0,-0.999987733004005,0,-0.00495316479753027,0.00788323884933659,0,0.498226271258899,0
-0.00537838069255741,0,0.999985536405965,0,1,0,-0.999985536405965,0,-0.00537838069255741,0.00856,0,0.498074,0
-0.00582575208096878,0,0.999983030162358,0,1,0,-0.999983030162358,0,-0.00582575208096878,0.00927202485745225,0,0.497913794407073,0
-0.00629567715920012,0,0.999980182028178,0,1,0,-0.999980182028178,0,-0.00629567715920012,0.0100199475917415,0,0.497745511791858,0
-0.00678854210972406,0,0.999976957582536,0,1,0,-0.999976957582536,0,-0.00678854210972406,0.0108043833179985,0,0.49756901375345,0
-0.00730472118231499,0,0.999973320168318,0,1,0,-0.999973320168318,0,-0.00730472118231499,0.0116259282335217,0,0.497384166147458,0
-0.00784457677493721,0,0.99996923083424,0,1,0,-0.99996923083424,0,-0.00784457677493721,0.012485159754864,0,0.497190839055156,0
-0.00840845951424524,0,0.999964648279427,0,1,0,-0.999964648279427,0,-0.00840845951424524,0.0133826366549176,0,0.496988906752644,0
-0.00899670833568541,0,0.999959528800602,0,1,0,-0.999959528800602,0,-0.00899670833568541,0.0143188992,0,0.49677824768,0
-0.00960965056318949,0,0.999953826242019,0,1,0,-0.999953826242019,0,-0.00960965056318949,0.01529446928694,0,0.496558744410439,0
-0.0102476019884516,0,0.999947491948195,0,1,0,-0.999947491948195,0,-0.0102476019884516,0.016309850580163,0,0.496330283619463,0
-0.0109108669497806,0,0.999940474719573,0,1,0,-0.999940474719573,0,-0.0109108669497806,0.0173655286487773,0,0.496092756054025,0
-0.0115997384105225,0,0.999932720771156,0,1,0,-0.999932720771156,0,-0.0115997384105225,0.0184619711036592,0,0.495846056501677,0
-0.012314498037046,0,0.999924173694233,0,1,0,-0.999924173694233,0,-0.012314498037046,0.0195996277345392,0,0.495590083759729,0
-0.0130554162762883,0,0.999914774421227,0,1,0,-0.999914774421227,0,-0.0130554162762883,0.0207789306470875,0,0.495324740604405,0
-0.0138227524328584,0,0.999904461193758,0,1,0,-0.999904461193758,0,-0.0138227524328584,0.0220002944,0,0.49504993376,0
-0.0146167547456955,0,0.999893169533978,0,1,0,-0.999893169533978,0,-0.0146167547456955,0.0232641161420837,0,0.494765573868031,0
-0.0154376604642826,0,0.999880832219215,0,1,0,-0.999880832219215,0,-0.0154376604642826,0.0245707757493425,0,0.494471575456398,0
-0.0162856959244167,0,0.999867379259998,0,1,0,-0.999867379259998,0,-0.0162856959244167,0.0259206359620634,0,0.494167856908536,0
-0.0171610766235385,0,0.999852737881495,0,1,0,-0.999852737881495,0,-0.0171610766235385,0.0273140425219016,0,0.493854340432572,0
-0.018064007295624,0,0.999836832508397,0,1,0,-0.999836832508397,0,-0.018064007295624,0.0287513243089665,0,0.493530952030483,0
-0.0189946819856455,0,0.999819584753301,0,1,0,-0.999819584753301,0,-0.0189946819856455,0.0302327934789076,0,0.493197621467246,0
-0.0199532841236063,0,0.999800913408606,0,1,0,-0.999800913408606,0,-0.0199532841236063,0.0317587456,0,0.49285428224,0
-0.0209399865981605,0,0.999780734441942,0,1,0,-0.999780734441942,0,-0.0209399865981605,0.0333294597902303,0,0.492500871547198,0
-0.0219549518298242,0,0.999758960995174,0,1,0,-0.999758960995174,0,-0.0219549518298242,0.0349451988543821,0,0.492137330257764,0
-0.0229983318437927,0,0.999735503386972,0,1,0,-0.999735503386972,0,-0.0229983318437927,0.0366062094211222,0,0.491763602880248,0
-0.0240702683423731,0,0.999710269118971,0,1,0,-0.999710269118971,0,-0.0240702683423731,0.0383127220800857,0,0.491379637531981,0
-0.0251708927770496,0,0.999683162885525,0,1,0,-0.999683162885525,0,-0.0251708927770496,0.0400649515189623,0,0.490985385908233,0
-0.0263003264201947,0,0.999654086587051,0,1,0,-0.999654086587051,0,-0.0263003264201947,0.0418630966605819,0,0.490580803251369,0
-0.0274586804364447,0,0.999622939346977,0,1,0,-0.999622939346977,0,-0.0274586804364447,0.0437073408,0,0.49016584832,0
-0.0286460559537577,0,0.999589617532262,0,1,0,-0.999589617532262,0,-0.0286460559537577,0.0455978517415839,0,0.489740483358144,0
-0.0298625441341738,0,0.999554014777508,0,1,0,-0.999554014777508,0,-0.0298625441341738,0.0475347819360981,0,0.489304674064378,0
-0.0311082262442993,0,0.999516022012621,0,1,0,-0.999516022012621,0,-0.0311082262442993,0.0495182686177902,0,0.488858389560997,0
-0.032383173725537,0,0.999475527494026,0,1,0,-0.999475527494026,0,-0.032383173725537,0.0515484339414768,0,0.488401602363168,0
-0.0336874482640873,0,0.999432416839405,0,1,0,-0.999432416839405,0,-0.0336874482640873,0.0536253851196287,0,0.487934288348084,0
-0.0350211018607448,0,0.999386573065928,0,1,0,-0.999386573065928,0,-0.0350211018607448,0.0557492145594574,0,0.487456426724122,0
-0.0363841769005174,0,0.999337876631959,0,1,0,-0.999337876631959,0,-0.0363841769005174,0.05792,0,0.486968,0
-0.0377767062220958,0,0.999286205482198,0,1,0,-0.999286205482198,0,-0.0377767062220958,0.0601378046492057,0,0.486468993953929,0
-0.0391987131872018,0,0.999231435096228,0,1,0,-0.999231435096228,0,-0.0391987131872018,0.062402677321021,0,0.48595939760277,0
-0.0406502117498461,0,0.999173438540423,0,1,0,-0.999173438540423,0,-0.0406502117498461,0.0647146525724758,0,0.485439203171193,0
-0.0421312065255272,0,0.999112086523181,0,1,0,-0.999112086523181,0,-0.0421312065255272,0.0670737508407687,0,0.484908406060827,0
-0.0436416928604025,0,0.999047247453432,0,1,0,-0.999047247453432,0,-0.0436416928604025,0.0694799785803534,0,0.48436700481942,0
-0.0451816569004654,0,0.998978787502382,0,1,0,-0.998978787502382,0,-0.0451816569004654,0.0719333284000238,0,0.483815001109995,0
-0.0467510756607634,0,0.998906570668429,0,1,0,-0.998906570668429,0,-0.0467510756607634,0.0744337792,0,0.48325239968,0
-0.0483499170946907,0,0.998830458845212,0,1,0,-0.998830458845212,0,-0.0483499170946907,0.0769812963090141,0,0.482679208330472,0
-0.0499781401633923,0,0.998750311892721,0,1,0,-0.998750311892721,0,-0.0499781401633923,0.0795758316213959,0,0.482095437885186,0
-0.0516356949053156,0,0.99866598771143,0,1,0,-0.99866598771143,0,-0.0516356949053156,0.0822173237341584,0,0.481501102159814,0
-0.0533225225059466,0,0.998577342319363,0,1,0,-0.998577342319363,0,-0.0533225225059466,0.084905698084084,0,0.480896217931081,0
-0.0550385553677694,0,0.998484229932065,0,1,0,-0.998484229932065,0,-0.0550385553677694,0.0876408670848099,0,0.480280804905918,0
-0.0567837171804862,0,0.998386503045372,0,1,0,-0.998386503045372,0,-0.0567837171804862,0.0904227302639139,0,0.479654885690619,0
-0.0585579229915372,0,0.998284012520944,0,1,0,-0.998284012520944,0,-0.0585579229915372,0.0932511744,0,0.47901848576,0
-0.0603610792769601,0,0.998176607674474,0,1,0,-0.998176607674474,0,-0.0603610792769601,0.0961260736597846,0,0.478371633426548,0
-0.062193084012627,0,0.998064136366495,0,1,0,-0.998064136366495,0,-0.062193084012627,0.0990472897351818,0,0.477714359809584,0
-0.0640538267459013,0,0.997946445095731,0,1,0,-0.997946445095731,0,-0.0640538267459013,0.102014671980389,0,0.477046698804412,0
-0.0659431886677511,0,0.997823379094882,0,1,0,-0.997823379094882,0,-0.0659431886677511,0.105028057548974,0,0.476368687051481,0
-0.0678610426853621,0,0.997694782428802,0,1,0,-0.997694782428802,0,-0.0678610426853621,0.108087271530957,0,0.475680363905535,0
-0.0698072534952884,0,0.99756049809495,0,1,0,-0.99756049809495,0,-0.0698072534952884,0.111192127089903,0,0.474981771404772,0
-0.0717816776571809,0,0.997420368126058,0,1,0,-0.997420368126058,0,-0.0717816776571809,0.1143424256,0,0.47427295424,0
-0.0737841636681345,0,0.997274233694922,0,1,0,-0.997274233694922,0,-0.0737841636681345,0.11753795678315,0,0.473553959723791,0
-0.0758145520376927,0,0.997121935221227,0,1,0,-0.997121935221227,0,-0.0758145520376927,0.120778498846052,0,0.472824837759638,0
-0.0778726753635481,0,0.996963312480316,0,1,0,-0.996963312480316,0,-0.0778726753635481,0.12406381861729,0,0.47208564081111,0
-0.0799583584079801,0,0.996798204713823,0,1,0,-0.996798204713823,0,-0.0799583584079801,0.127393671684417,0,0.471336423871006,0
-0.0820714181750648,0,0.996626450742069,0,1,0,-0.996626450742069,0,-0.0820714181750648,0.130767802531041,0,0.470577244430516,0
-0.0842116639886985,0,0.996447889078127,0,1,0,-0.996447889078127,0,-0.0842116639886985,0.13418594467391,0,0.46980816244837,0
-0.086378897571469,0,0.996262358043471,0,1,0,-0.996262358043471,0,-0.086378897571469,0.1376478208,0,0.46902924032,0
-0.0885729131244137,0,0.99606969588511,0,1,0,-0.99606969588511,0,-0.0885729131244137,0.1411531429036,0,0.46824054284669,0
-0.0907934974076977,0,0.995869740894098,0,1,0,-0.995869740894098,0,-0.0907934974076977,0.144701612423395,0,0.467442137204736,0
-0.0930404298222497,0,0.995662331525348,0,1,0,-0.995662331525348,0,-0.0930404298222497,0.148292920379556,0,0.4666340929146,0
-0.0953134824923872,0,0.995447306518619,0,1,0,-0.995447306518619,0,-0.0953134824923872,0.151926747510823,0,0.465816481810065,0
-0.0976124203494651,0,0.995224505020611,0,1,0,-0.995224505020611,0,-0.0976124203494651,0.15560276441159,0,0.464989378007392,0
-0.0999370012165797,0,0.994993766708032,0,1,0,-0.994993766708032,0,-0.0999370012165797,0.159320631668995,0,0.464152857874476,0
-0.102286975894358,0,0.994754931911567,0,1,0,-0.994754931911567,0,-0.102286975894358,0.16308,0,0.463307,0
-0.104662088247864,0,0.994507841740625,0,1,0,-0.994507841740625,0,-0.104662088247864,0.166880510388481,0,0.462451885162592,0
-0.107062075294647,0,0.994252338208768,0,1,0,-0.994252338208768,0,-0.107062075294647,0.170721794222312,0,0.46158759629998,0
-0.109486667293959,0,0.993988264359727,0,1,0,-0.993988264359727,0,-0.109486667293959,0.174603473430452,0,0.460714218478148,0
-0.111935587837173,0,0.993715464393881,0,1,0,-0.993715464393881,0,-0.111935587837173,0.178525160620027,0,0.459831838860494,0
-0.114408553939419,0,0.993433783795121,0,1,0,-0.993433783795121,0,-0.114408553939419,0.182486459213423,0,0.45894054667698,0
-0.116905276132458,0,0.993143069457968,0,1,0,-0.993143069457968,0,-0.116905276132458,0.186486963585363,0,0.458040433193293,0
-0.119425458558828,0,0.992843169814857,0,1,0,-0.992843169814857,0,-0.119425458558828,0.1905262592,0,0.45713159168,0
-0.121968799067266,0,0.99253393496348,0,1,0,-0.99253393496348,0,-0.121968799067266,0.194603922747998,0,0.4562141173817,0
-0.124534989309435,0,0.992215216794068,0,1,0,-0.992215216794068,0,-0.124534989309435,0.19871952228362,0,0.455288107486186,0
-0.127123714837959,0,0.991886869116533,0,1,0,-0.991886869116533,0,-0.127123714837959,0.202872617361814,0,0.454353661093592,0
-0.1297346552058,0,0.991548747787335,0,1,0,-0.991548747787335,0,-0.1297346552058,0.207062759175296,0,0.453410879185558,0
-0.132367484066967,0,0.991200710835995,0,1,0,-0.991200710835995,0,-0.132367484066967,0.21128949069164,0,0.452459864594381,0
-0.135021869278582,0,0.990842618591125,0,1,0,-0.990842618591125,0,-0.135021869278582,0.215552346790361,0,0.451500721972169,0
-0.137697473004304,0,0.990474333805894,0,1,0,-0.990474333805894,0,-0.137697473004304,0.2198508544,0,0.45053355776,0
-0.140393951819126,0,0.990095721782803,0,1,0,-0.990095721782803,0,-0.140393951819126,0.224184532635212,0,0.449558480157077,0
-0.143110956815533,0,0.989706650497683,0,1,0,-0.989706650497683,0,-0.143110956815533,0.228552892933849,0,0.448575599089884,0
-0.145848133711044,0,0.989306990722802,0,1,0,-0.989306990722802,0,-0.145848133711044,0.23295543919405,0,0.447585026181339,0
-0.148605122957122,0,0.988896616148978,0,1,0,-0.988896616148978,0,-0.148605122957122,0.237391667911323,0,0.446586874719952,0
-0.151381559849458,0,0.988475403506605,0,1,0,-0.988475403506605,0,-0.151381559849458,0.24186106831563,0,0.445581259628983,0
-0.154177074639623,0,0.988043232685477,0,1,0,-0.988043232685477,0,-0.154177074639623,0.246363122508479,0,0.444568297435592,0
-0.15699129264808,0,0.987599986853324,0,1,0,-0.987599986853324,0,-0.15699129264808,0.2508973056,0,0.44354810624,0
-0.159823834378553,0,0.987145552572941,0,1,0,-0.987145552572941,0,-0.159823834378553,0.25546308584604,0,0.442520805684641,0
-0.162674315633739,0,0.986679819917837,0,1,0,-0.986679819917837,0,-0.162674315633739,0.260059924785244,0,0.44148651692332,0
-0.165542347632348,0,0.986202682586278,0,1,0,-0.986202682586278,0,-0.165542347632348,0.264687277376141,0,0.440445362590368,0
-0.168427537127463,0,0.985714038013651,0,1,0,-0.985714038013651,0,-0.168427537127463,0.26934459213423,0,0.439397466769798,0
-0.171329486526195,0,0.985213787483037,0,1,0,-0.985213787483037,0,-0.171329486526195,0.274031311269066,0,0.43834295496446,0
-0.174247794010625,0,0.984701836233908,0,1,0,-0.984701836233908,0,-0.174247794010625,0.278746870821348,0,0.437281954065197,0
-0.177182053659998,0,0.984178093568855,0,1,0,-0.984178093568855,0,-0.177182053659998,0.2834907008,0,0.43621459232,0
-0.180131855574159,0,0.983642472958244,0,1,0,-0.983642472958244,0,-0.180131855574159,0.28826222531926,0,0.435140999303167,0
-0.183096785998192,0,0.983094892142733,0,1,0,-0.983094892142733,0,-0.183096785998192,0.293060862735765,0,0.434061305884453,0
-0.186076427448251,0,0.982535273233534,0,1,0,-0.982535273233534,0,-0.186076427448251,0.297886025785637,0,0.432975644198232,0
-0.18907035883854,0,0.981963542810356,0,1,0,-0.981963542810356,0,-0.18907035883854,0.302737121721568,0,0.431884147612647,0
-0.19207815560941,0,0.981379632016931,0,1,0,-0.981379632016931,0,-0.19207815560941,0.307613552449908,0,0.430786950698771,0
-0.195099389856548,0,0.980783476654049,0,1,0,-0.980783476654049,0,-0.195099389856548,0.312514714667746,0,0.429684189199757,0
-0.198133630461222,0,0.980175017270006,0,1,0,-0.980175017270006,0,-0.198133630461222,0.31744,0,0.428576,0
-0.20118044322153,0,0.979554199248407,0,1,0,-0.979554199248407,0,-0.20118044322153,0.322388795136503,0,0.427462521094287,0
-0.204239390984629,0,0.97892097289323,0,1,0,-0.97892097289323,0,-0.204239390984629,0.327360481969084,0,0.426343891556956,0
-0.207310033779899,0,0.978275293511074,0,1,0,-0.978275293511074,0,-0.207310033779899,0.332354437728661,0,0.425220251511051,0
-0.210391928952986,0,0.977617121490536,0,1,0,-0.977617121490536,0,-0.210391928952986,0.337370035122318,0,0.424091742097478,0
-0.2134846313007,0,0.97694642237863,0,1,0,-0.97694642237863,0,-0.2134846313007,0.342406642470399,0,0.42295850544416,0
-0.216587693206702,0,0.976263166954177,0,1,0,-0.976263166954177,0,-0.216587693206702,0.347463623843589,0,0.421820684635192,0
-0.219700664777937,0,0.975567331298118,0,1,0,-0.975567331298118,0,-0.219700664777937,0.3525403392,0,0.42067842368,0
-0.222823093981771,0,0.974858896860664,0,1,0,-0.974858896860664,0,-0.222823093981771,0.357636144522259,0,0.419531867482492,0
-0.225954526783762,0,0.974137850525236,0,1,0,-0.974137850525236,0,-0.225954526783762,0.36275039195459,0,0.418381161810217,0
-0.22909450728603,0,0.973404184669129,0,1,0,-0.973404184669129,0,-0.22909450728603,0.367882429939906,0,0.417226453263521,0
-0.232242577866162,0,0.972657897220847,0,1,0,-0.972657897220847,0,-0.232242577866162,0.373031603356887,0,0.4160678892447,0
-0.235398279316586,0,0.971898991714052,0,1,0,-0.971898991714052,0,-0.235398279316586,0.378197253657072,0,0.414905617927159,0
-0.238561150984376,0,0.971127477338073,0,1,0,-0.971127477338073,0,-0.238561150984376,0.38337871900194,0,0.413739788224564,0
-0.241730730911415,0,0.970343368984935,0,1,0,-0.970343368984935,0,-0.241730730911415,0.3885753344,0,0.41257054976,0
-0.244906555974854,0,0.969546687292848,0,1,0,-0.969546687292848,0,-0.244906555974854,0.393786431843875,0,0.411398052835128,0
-0.248088162027815,0,0.968737458686129,0,1,0,-0.968737458686129,0,-0.248088162027815,0.399011340447385,0,0.410222448399338,0
-0.251275084040268,0,0.9679157154115,0,1,0,-0.9679157154115,0,-0.251275084040268,0.404249386582638,0,0.409043888018906,0
-0.254466856240016,0,0.967081495570732,0,1,0,-0.967081495570732,0,-0.254466856240016,0.409499894017112,0,0.40786252384615,0
-0.257663012253737,0,0.966234843149599,0,1,0,-0.966234843149599,0,-0.257663012253737,0.414762184050741,0,0.406678508588583,0
-0.260863085247996,0,0.965375808043115,0,1,0,-0.965375808043115,0,-0.260863085247996,0.420035575653002,0,0.405491995478075,0
-0.264066608070179,0,0.964504446077005,0,1,0,-0.964504446077005,0,-0.264066608070179,0.4253193856,0,0.40430313824,0
-0.267273113389279,0,0.96362081902541,0,1,0,-0.96362081902541,0,-0.267273113389279,0.430612928611555,0,0.4031120910624,0
-0.270482133836451,0,0.962724994624779,0,1,0,-0.962724994624779,0,-0.270482133836451,0.435915517488285,0,0.401919008565136,0
-0.273693202145291,0,0.961817046583942,0,1,0,-0.961817046583942,0,-0.273693202145291,0.441226463248694,0,0.400724045769044,0
-0.276905851291755,0,0.960897054590339,0,1,0,-0.960897054590339,0,-0.276905851291755,0.446545075266258,0,0.399527358065092,0
-0.280119614633655,0,0.959965104312387,0,1,0,-0.959965104312387,0,-0.280119614633655,0.451870661406509,0,0.398329101183535,0
-0.283334026049658,0,0.959021287397987,0,1,0,-0.959021287397987,0,-0.283334026049658,0.457202528164122,0,0.397129431163073,0
-0.286548620077732,0,0.958065701469136,0,1,0,-0.958065701469136,0,-0.286548620077732,0.4625399808,0,0.39592850432,0
-0.289762932052945,0,0.957098450112673,0,1,0,-0.957098450112673,0,-0.289762932052945,0.46788232347836,0,0.394726477217369,0
-0.292976498244582,0,0.956119642867116,0,1,0,-0.956119642867116,0,-0.292976498244582,0.47322885940382,0,0.393523506634141,0
-0.296188855992482,0,0.955129395205626,0,1,0,-0.955129395205626,0,-0.296188855992482,0.478578890958482,0,0.392319749534342,0
-0.299399543842533,0,0.95412782851507,0,1,0,-0.95412782851507,0,-0.299399543842533,0.483931719839019,0,0.391115363036221,0
-0.302608101681278,0,0.953115070071213,0,1,0,-0.953115070071213,0,-0.302608101681278,0.489286647193765,0,0.389910504381403,0
-0.305814070869528,0,0.952091253010029,0,1,0,-0.952091253010029,0,-0.305814070869528,0.494642973759791,0,0.388705330904047,0
-0.309016994374947,0,0.951056516295154,0,1,0,-0.951056516295154,0,-0.309016994374947,0.5,0,0.3875,0
-0.312216416903524,0,0.950011004681485,0,1,0,-0.950011004681485,0,-0.312216416903524,0.50535702624021,0,0.386294669095953,0
-0.31541188502987,0,0.948954868674957,0,1,0,-0.948954868674957,0,-0.31541188502987,0.510713352806235,0,0.385089495618597,0
-0.318602947326283,0,0.947888264488492,0,1,0,-0.947888264488492,0,-0.318602947326283,0.51606828016098,0,0.383884636963779,0
-0.321789154490505,0,0.946811353994177,0,1,0,-0.946811353994177,0,-0.321789154490505,0.521421109041518,0,0.382680250465658,0
-0.324970059472108,0,0.94572430467166,0,1,0,-0.94572430467166,0,-0.324970059472108,0.52677114059618,0,0.381476493365859,0
-0.328145217597467,0,0.944627289552822,0,1,0,-0.944627289552822,0,-0.328145217597467,0.53211767652164,0,0.380273522782631,0
-0.331314186693226,0,0.943520487162736,0,1,0,-0.943520487162736,0,-0.331314186693226,0.5374600192,0,0.37907149568,0
-0.33447652720823,0,0.942404081456952,0,1,0,-0.942404081456952,0,-0.33447652720823,0.542797471835878,0,0.377870568836927,0
-0.337631802333839,0,0.941278261755153,0,1,0,-0.941278261755153,0,-0.337631802333839,0.548129338593491,0,0.376670898816465,0
-0.340779578122585,0,0.940143222671202,0,1,0,-0.940143222671202,0,-0.340779578122585,0.553454924733742,0,0.375472641934908,0
-0.343919423605106,0,0.938999164039634,0,1,0,-0.938999164039634,0,-0.343919423605106,0.558773536751306,0,0.374275954230956,0
-0.347050910905308,0,0.937846290838641,0,1,0,-0.937846290838641,0,-0.347050910905308,0.564084482511716,0,0.373080991434864,0
-0.350173615353701,0,0.936684813109574,0,1,0,-0.936684813109574,0,-0.350173615353701,0.569387071388445,0,0.3718879089376,0
-0.353287115598861,0,0.93551494587304,0,1,0,-0.93551494587304,0,-0.353287115598861,0.5746806144,0,0.37069686176,0
-0.356390993716963,0,0.934336909041613,0,1,0,-0.934336909041613,0,-0.356390993716963,0.579964424346998,0,0.369508004521925,0
-0.359484835319352,0,0.933150927329239,0,1,0,-0.933150927329239,0,-0.359484835319352,0.585237815949259,0,0.368321491411417,0
-0.362568229658085,0,0.931957230157373,0,1,0,-0.931957230157373,0,-0.362568229658085,0.590500105982888,0,0.36713747615385,0
-0.365640769729428,0,0.93075605155791,0,1,0,-0.93075605155791,0,-0.365640769729428,0.595750613417362,0,0.365956111981094,0
-0.368702052375248,0,0.929547630072973,0,1,0,-0.929547630072973,0,-0.368702052375248,0.600988659552615,0,0.364777551600662,0
-0.371751678382262,0,0.928332208651607,0,1,0,-0.928332208651607,0,-0.371751678382262,0.606213568156125,0,0.363601947164872,0
-0.374789252579126,0,0.927110034543463,0,1,0,-0.927110034543463,0,-0.374789252579126,0.6114246656,0,0.36242945024,0
-0.377814383931304,0,0.925881359189507,0,1,0,-0.925881359189507,0,-0.377814383931304,0.61662128099806,0,0.361260211775436,0
-0.380826685633706,0,0.924646438109858,0,1,0,-0.924646438109858,0,-0.380826685633706,0.621802746342928,0,0.360094382072841,0
-0.38382577520105,0,0.923405530788783,0,1,0,-0.923405530788783,0,-0.38382577520105,0.626968396643113,0,0.3589321107553,0
-0.386811274555939,0,0.922158900556954,0,1,0,-0.922158900556954,0,-0.386811274555939,0.632117570060094,0,0.357773546736479,0
-0.389782810114611,0,0.920906814471018,0,1,0,-0.920906814471018,0,-0.389782810114611,0.63724960804541,0,0.356618838189783,0
-0.392740012870349,0,0.919649543190556,0,1,0,-0.919649543190556,0,-0.392740012870349,0.642363855477741,0,0.355468132517508,0
-0.395682518474534,0,0.918387360852516,0,1,0,-0.918387360852516,0,-0.395682518474534,0.6474596608,0,0.35432157632,0
-0.398609967315321,0,0.917120544943182,0,1,0,-0.917120544943182,0,-0.398609967315321,0.652536376156411,0,0.353179315364808,0
-0.401522004593916,0,0.915849376167765,0,1,0,-0.915849376167765,0,-0.401522004593916,0.657593357529601,0,0.35204149455584,0
-0.404418280398464,0,0.914574138317692,0,1,0,-0.914574138317692,0,-0.404418280398464,0.662629964877682,0,0.350908257902522,0
-0.407298449775517,0,0.913295118135677,0,1,0,-0.913295118135677,0,-0.407298449775517,0.667645562271339,0,0.349779748488949,0
-0.410162172799086,0,0.912012605178642,0,1,0,-0.912012605178642,0,-0.410162172799086,0.672639518030916,0,0.348656108443044,0
-0.413009114637275,0,0.910726891678584,0,1,0,-0.910726891678584,0,-0.413009114637275,0.677611204863497,0,0.347537478905713,0
-0.415838945616495,0,0.909438272401465,0,1,0,-0.909438272401465,0,-0.415838945616495,0.68256,0,0.346424,0
-0.418651341283258,0,0.908147044504209,0,1,0,-0.908147044504209,0,-0.418651341283258,0.687485285332254,0,0.345315810800243,0
-0.421445982463558,0,0.906853507389879,0,1,0,-0.906853507389879,0,-0.421445982463558,0.692386447550092,0,0.344213049301229,0
-0.424222555319847,0,0.905557962561149,0,1,0,-0.905557962561149,0,-0.424222555319847,0.697262878278432,0,0.343115852387353,0
-0.426980751405614,0,0.904260713472114,0,1,0,-0.904260713472114,0,-0.426980751405614,0.702113974214363,0,0.342024355801768,0
-0.429720267717588,0,0.902962065378565,0,1,0,-0.902962065378565,0,-0.429720267717588,0.706939137264235,0,0.340938694115547,0
-0.432440806745566,0,0.901662325186787,0,1,0,-0.901662325186787,0,-0.432440806745566,0.71173777468074,0,0.339859000696834,0
-0.435142076519902,0,0.900361801300981,0,1,0,-0.900361801300981,0,-0.435142076519902,0.7165092992,0,0.33878540768,0
-0.437823790656669,0,0.89906080346939,0,1,0,-0.89906080346939,0,-0.437823790656669,0.721253129178652,0,0.337718045934803,0
-0.440485668400514,0,0.897759642629224,0,1,0,-0.897759642629224,0,-0.440485668400514,0.725968688730934,0,0.33665704503554,0
-0.443127434665252,0,0.896458630750462,0,1,0,-0.896458630750462,0,-0.443127434665252,0.730655407865771,0,0.335602533230202,0
-0.445748820072194,0,0.895158080678629,0,1,0,-0.895158080678629,0,-0.445748820072194,0.735312722623859,0,0.334554637409632,0
-0.448349560986289,0,0.893858305976625,0,1,0,-0.893858305976625,0,-0.448349560986289,0.739940075214756,0,0.33351348307668,0
-0.450929399550062,0,0.892559620765706,0,1,0,-0.892559620765706,0,-0.450929399550062,0.744536914153959,0,0.332479194315359,0
-0.453488083715437,0,0.891262339565686,0,1,0,-0.891262339565686,0,-0.453488083715437,0.749102694400001,0,0.33145189376,0
-0.456025367273435,0,0.889966777134478,0,1,0,-0.889966777134478,0,-0.456025367273435,0.753636877491522,0,0.330431702564408,0
-0.458541009881834,0,0.888673248307019,0,1,0,-0.888673248307019,0,-0.458541009881834,0.75813893168437,0,0.329418740371017,0
-0.46103477709081,0,0.887382067833708,0,1,0,-0.887382067833708,0,-0.46103477709081,0.762608332088677,0,0.328413125280048,0
-0.463506440366605,0,0.886093550218417,0,1,0,-0.886093550218417,0,-0.463506440366605,0.76704456080595,0,0.327414973818661,0
-0.465955777113294,0,0.884808009556167,0,1,0,-0.884808009556167,0,-0.465955777113294,0.771447107066151,0,0.326424400910116,0
-0.468382570692673,0,0.883525759370559,0,1,0,-0.883525759370559,0,-0.468382570692673,0.775815467364789,0,0.325441519842923,0
-0.470786610442349,0,0.882247112451043,0,1,0,-0.882247112451043,0,-0.470786610442349,0.7801491456,0,0.32446644224,0
-0.473167691692074,0,0.880972380690107,0,1,0,-0.880972380690107,0,-0.473167691692074,0.784447653209639,0,0.323499278027831,0
-0.475525615778383,0,0.87970187492047,0,1,0,-0.87970187492047,0,-0.475525615778383,0.78871050930836,0,0.322540135405619,0
-0.477860190057598,0,0.878435904752371,0,1,0,-0.878435904752371,0,-0.477860190057598,0.792937240824704,0,0.321589120814442,0
-0.480171227917269,0,0.87717477841102,0,1,0,-0.87717477841102,0,-0.480171227917269,0.797127382638186,0,0.320646338906408,0
-0.482458548786097,0,0.87591880257431,0,1,0,-0.87591880257431,0,-0.482458548786097,0.80128047771638,0,0.319711892513814,0
-0.484721978142428,0,0.874668282210857,0,1,0,-0.874668282210857,0,-0.484721978142428,0.805396077252002,0,0.3187858826183,0
-0.486961347521372,0,0.873423520418456,0,1,0,-0.873423520418456,0,-0.486961347521372,0.8094737408,0,0.31786840832,0
-0.489176494520619,0,0.872184818263032,0,1,0,-0.872184818263032,0,-0.489176494520619,0.813513036414638,0,0.316959566806707,0
-0.491367262805029,0,0.870952474618158,0,1,0,-0.870952474618158,0,-0.491367262805029,0.817513540786577,0,0.31605945332302,0
-0.493533502110067,0,0.869726786005222,0,1,0,-0.869726786005222,0,-0.493533502110067,0.821474839379973,0,0.315168161139506,0
-0.495675068244151,0,0.868508046434318,0,1,0,-0.868508046434318,0,-0.495675068244151,0.825396526569549,0,0.314285781521852,0
-0.497791823090002,0,0.867296547245942,0,1,0,-0.867296547245942,0,-0.497791823090002,0.829278205777687,0,0.31341240370002,0
-0.499883634605064,0,0.866092576953544,0,1,0,-0.866092576953544,0,-0.499883634605064,0.833119489611519,0,0.312548114837408,0
-0.501950376821066,0,0.864896421087051,0,1,0,-0.864896421087051,0,-0.501950376821066,0.83692,0,0.311693,0
-0.503991929842836,0,0.86370836203738,0,1,0,-0.86370836203738,0,-0.503991929842836,0.840679368331005,0,0.310847142125524,0
-0.506008179846403,0,0.862528678902058,0,1,0,-0.862528678902058,0,-0.506008179846403,0.84439723558841,0,0.310010621992608,0
-0.507999019076509,0,0.861357647331992,0,1,0,-0.861357647331992,0,-0.507999019076509,0.848073252489177,0,0.309183518189935,0
-0.509964345843588,0,0.86019553937946,0,1,0,-0.86019553937946,0,-0.509964345843588,0.851707079620443,0,0.3083659070854,0
-0.511904064520312,0,0.859042623347401,0,1,0,-0.859042623347401,0,-0.511904064520312,0.855298387576605,0,0.307557862795264,0
-0.51381808553777,0,0.857899163640052,0,1,0,-0.857899163640052,0,-0.51381808553777,0.8588468570964,0,0.30675945715331,0
-0.515706325381385,0,0.856765420615018,0,1,0,-0.856765420615018,0,-0.515706325381385,0.8623521792,0,0.30597075968,0
-0.517568706586639,0,0.855641650436813,0,1,0,-0.855641650436813,0,-0.517568706586639,0.865814055326091,0,0.30519183755163,0
-0.519405157734699,0,0.854528104931952,0,1,0,-0.854528104931952,0,-0.519405157734699,0.869232197468959,0,0.304422755569484,0
-0.52121561344802,0,0.853425031445648,0,1,0,-0.853425031445648,0,-0.52121561344802,0.872606328315582,0,0.303663576128994,0
-0.523000014386028,0,0.852332672700169,0,1,0,-0.852332672700169,0,-0.523000014386028,0.87593618138271,0,0.30291435918889,0
-0.52475830724095,0,0.851251266654924,0,1,0,-0.851251266654924,0,-0.52475830724095,0.879221501153947,0,0.302175162240362,0
-0.52649044473389,0,0.850181046368308,0,1,0,-0.850181046368308,0,-0.52649044473389,0.882462043216851,0,0.301446040276209,0
-0.528196385611223,0,0.8491222398614,0,1,0,-0.8491222398614,0,-0.528196385611223,0.8856575744,0,0.30072704576,0
-0.529876094641417,0,0.848075069983524,0,1,0,-0.848075069983524,0,-0.529876094641417,0.888807872910097,0,0.300018228595228,0
-0.531529542612335,0,0.847039754279763,0,1,0,-0.847039754279763,0,-0.531529542612335,0.891912728469042,0,0.299319636094466,0
-0.533156706329129,0,0.84601650486044,0,1,0,-0.84601650486044,0,-0.533156706329129,0.894971942451027,0,0.298631312948519,0
-0.534757568612788,0,0.845005528272649,0,1,0,-0.845005528272649,0,-0.534757568612788,0.897985328019611,0,0.297953301195587,0
-0.536332118299446,0,0.844007025373859,0,1,0,-0.844007025373859,0,-0.536332118299446,0.900952710264818,0,0.297285640190416,0
-0.537880350240511,0,0.843021191207638,0,1,0,-0.843021191207638,0,-0.537880350240511,0.903873926340214,0,0.296628366573452,0
-0.539402265303713,0,0.842048214881561,0,1,0,-0.842048214881561,0,-0.539402265303713,0.906748825600001,0,0.29598151424,0
-0.54089787037513,0,0.841088279447318,0,1,0,-0.841088279447318,0,-0.54089787037513,0.909577269736086,0,0.295345114309381,0
-0.542367178362303,0,0.840141561783081,0,1,0,-0.840141561783081,0,-0.542367178362303,0.91235913291519,0,0.294719195094082,0
-0.543810208198483,0,0.839208232478163,0,1,0,-0.839208232478163,0,-0.543810208198483,0.915094301915916,0,0.294103782068919,0
-0.545226984848114,0,0.838288455720007,0,1,0,-0.838288455720007,0,-0.545226984848114,0.917782676265841,0,0.293498897840186,0
-0.546617539313611,0,0.837382389183539,0,1,0,-0.837382389183539,0,-0.546617539313611,0.920424168378603,0,0.292904562114814,0
-0.547981908643515,0,0.836490183922926,0,1,0,-0.836490183922926,0,-0.547981908643515,0.923018703690986,0,0.292320791669528,0
-0.549320135942085,0,0.835611984265765,0,1,0,-0.835611984265765,0,-0.549320135942085,0.9255662208,0,0.29174760032,0
-0.550632270380422,0,0.834747927709738,0,1,0,-0.834747927709738,0,-0.550632270380422,0.928066671599976,0,0.291184998890005,0
-0.551918367209159,0,0.833898144821762,0,1,0,-0.833898144821762,0,-0.551918367209159,0.930520021419647,0,0.29063299518058,0
-0.553178487772814,0,0.833062759139659,0,1,0,-0.833062759139659,0,-0.553178487772814,0.932926249159231,0,0.290091593939173,0
-0.554412699525855,0,0.83224188707638,0,1,0,-0.83224188707638,0,-0.554412699525855,0.935285347427524,0,0.289560796828807,0
-0.555621076050531,0,0.831435637826796,0,1,0,-0.831435637826796,0,-0.555621076050531,0.937597322678979,0,0.28904060239723,0
-0.556803697076556,0,0.830644113277087,0,1,0,-0.830644113277087,0,-0.556803697076556,0.939862195350794,0,0.288531006046071,0
-0.557960648502677,0,0.829867407916754,0,1,0,-0.829867407916754,0,-0.557960648502677,0.94208,0,0.288032,0
-0.559092022420188,0,0.829105608753254,0,1,0,-0.829105608753254,0,-0.559092022420188,0.944250785440543,0,0.287543573275878,0
-0.560197917138453,0,0.828358795229301,0,1,0,-0.828358795229301,0,-0.560197917138453,0.946374614880372,0,0.287065711651916,0
-0.561278437212474,0,0.827627039142828,0,1,0,-0.827627039142828,0,-0.561278437212474,0.948451566058524,0,0.286598397636832,0
-0.562333693472559,0,0.826910404569631,0,1,0,-0.826910404569631,0,-0.562333693472559,0.950481731382211,0,0.286141610439003,0
-0.563363803056133,0,0.826208947788712,0,1,0,-0.826208947788712,0,-0.563363803056133,0.952465218063901,0,0.285695325935622,0
-0.564368889441732,0,0.825522717210318,0,1,0,-0.825522717210318,0,-0.564368889441732,0.954402148258417,0,0.285259516641856,0
-0.565349082485211,0,0.824851753306696,0,1,0,-0.824851753306696,0,-0.565349082485211,0.956292659199999,0,0.28483415168,0
-0.566304518458225,0,0.824196088545558,0,1,0,-0.824196088545558,0,-0.566304518458225,0.958136903339418,0,0.284419196748631,0
-0.567235340088983,0,0.823555747326273,0,1,0,-0.823555747326273,0,-0.567235340088983,0.959935048481038,0,0.284014614091766,0
-0.568141696605326,0,0.822930745918769,0,1,0,-0.822930745918769,0,-0.568141696605326,0.961687277919914,0,0.283620362468019,0
-0.569023743780151,0,0.822321092405163,0,1,0,-0.822321092405163,0,-0.569023743780151,0.963393790578877,0,0.283236397119753,0
-0.569881643979199,0,0.821726786624098,0,1,0,-0.821726786624098,0,-0.569881643979199,0.965054801145619,0,0.282862669742236,0
-0.570715566211216,0,0.821147820117798,0,1,0,-0.821147820117798,0,-0.570715566211216,0.96667054020977,0,0.282499128452802,0
-0.571525686180533,0,0.820584176081815,0,1,0,-0.820584176081815,0,-0.571525686180533,0.968241254399999,0,0.28214571776,0
-0.57231218634204,0,0.820035829317472,0,1,0,-0.820035829317472,0,-0.57231218634204,0.969767206521093,0,0.281802378532754,0
-0.573075255958583,0,0.819502746186982,0,1,0,-0.819502746186982,0,-0.573075255958583,0.971248675691035,0,0.281469047969517,0
-0.573815091160781,0,0.818984884571226,0,1,0,-0.818984884571226,0,-0.573815091160781,0.972685957478099,0,0.281145659567428,0
-0.574531895009276,0,0.818482193830172,0,1,0,-0.818482193830172,0,-0.574531895009276,0.974079364037936,0,0.280832143091464,0
-0.575225877559384,0,0.817994614765914,0,1,0,-0.817994614765914,0,-0.575225877559384,0.975429224250657,0,0.280528424543602,0
-0.575897255928172,0,0.817522079588314,0,1,0,-0.817522079588314,0,-0.575897255928172,0.976735883857917,0,0.280234426131969,0
-0.576546254363922,0,0.8170645118832,0,1,0,-0.8170645118832,0,-0.576546254363922,0.977999705599999,0,0.27995006624,0
-0.577173104317996,0,0.816621826583106,0,1,0,-0.816621826583106,0,-0.577173104317996,0.979221069352912,0,0.279675259395595,0
-0.57777804451904,0,0.816193929940522,0,1,0,-0.816193929940522,0,-0.57777804451904,0.980400372265461,0,0.279409916240271,0
-0.578361321049557,0,0.8157807195036,0,1,0,-0.8157807195036,0,-0.578361321049557,0.981538028896342,0,0.279153943498323,0
-0.578923187424763,0,0.815382084094293,0,1,0,-0.815382084094293,0,-0.578923187424763,0.982634471351223,0,0.278907243945975,0
-0.579463904673748,0,0.814997903788871,0,1,0,-0.814997903788871,0,-0.579463904673748,0.983690149419836,0,0.278669716380537,0
-0.579983741422864,0,0.814628049900773,0,1,0,-0.814628049900773,0,-0.579983741422864,0.98470553071306,0,0.278441255589562,0
-0.580482973981321,0,0.814272384965744,0,1,0,-0.814272384965744,0,-0.580482973981321,0.985681100800001,0,0.27822175232,0
-0.580961886428939,0,0.813930762729195,0,1,0,-0.813930762729195,0,-0.580961886428939,0.986617363345082,0,0.278011093247357,0
-0.581420770706012,0,0.813603028135729,0,1,0,-0.813603028135729,0,-0.581420770706012,0.987514840245137,0,0.277809160944844,0
-0.581859926705213,0,0.813289017320783,0,1,0,-0.813289017320783,0,-0.581859926705213,0.988374071766478,0,0.277615833852543,0
-0.582279662365514,0,0.81298855760429,0,1,0,-0.81298855760429,0,-0.582279662365514,0.989195616682001,0,0.27743098624655,0
-0.582680293768015,0,0.812701467486321,0,1,0,-0.812701467486321,0,-0.582680293768015,0.989980052408259,0,0.277254488208142,0
-0.583062145233654,0,0.812427556644609,0,1,0,-0.812427556644609,0,-0.583062145233654,0.990727975142547,0,0.277086205592927,0
-0.583425549422707,0,0.812166625933873,0,1,0,-0.812166625933873,0,-0.583425549422707,0.99144,0,0.276926,0
-0.583770847435996,0,0.811918467386879,0,1,0,-0.811918467386879,0,-0.583770847435996,0.992116761150664,0,0.276773728741101,0
-0.584098388917737,0,0.811682864217118,0,1,0,-0.811682864217118,0,-0.584098388917737,0.992758911956589,0,0.276629244809768,0
-0.584408532159944,0,0.811459590823018,0,1,0,-0.811459590823018,0,-0.584408532159944,0.993367125108919,0,0.276492396850493,0
-0.584701644208275,0,0.811248412793602,0,1,0,-0.811248412793602,0,-0.584701644208275,0.993942092764967,0,0.276363029127882,0
-0.584978100969263,0,0.811049086915456,0,1,0,-0.811049086915456,0,-0.584978100969263,0.99448452668531,0,0.276240981495805,0
-0.585238287318789,0,0.810861361180918,0,1,0,-0.810861361180918,0,-0.585238287318789,0.994995158370868,0,0.276126089366555,0
-0.585482597211734,0,0.810684974797364,0,1,0,-0.810684974797364,0,-0.585482597211734,0.9954747392,0,0.27601818368,0
