
[thetalist,success,ThetaMatrix]=IKinBodyIterates(BList,M,Tsd,thetalist0,Ew,Ev);

ThetaMatrix =

   -0.2228
   -2.5596
    4.4635
    0.9976
    3.2043
    1.4908

Warning: Colon operands must be real scalars. This warning will become an error in a future
release. 
> In FKinBody (line 26)
In IKinBodyIterates (line 54)
 
Warning: Colon operands must be real scalars. This warning will become an error in a future
release. 
> In FKinBody (line 26)
In IKinBodyIterates (line 59)
 
Warning: Colon operands must be real scalars. This warning will become an error in a future
release. 
> In FKinBody (line 26)
In IKinBodyIterates (line 60)
 
Configuration Number:
     1

Joint Vector (Theta List) =
   -0.1433
   -2.4969
    4.5832
    1.1600
    3.2847
    1.6757

Error Twist (Vb) =
   -0.0010
   -0.0149
   -0.0012
   -0.0034
    0.0022
    0.0006

Angular Error Magnitude (AEM)
    0.0150

Linear Error Magnitude (LEM)
    0.0041

Theta Matrix
   -0.2228   -0.1433
   -2.5596   -2.4969
    4.4635    4.5832
    0.9976    1.1600
    3.2043    3.2847
    1.4908    1.6757

SE(3) End Effector Configuration
    0.0012    1.0000   -0.0010   -0.5022
    0.0149   -0.0010   -0.9999    0.1006
   -0.9999    0.0012   -0.0149    0.0966
         0         0         0    1.0000

Warning: Colon operands must be real scalars. This warning will become an error in a future
release. 
> In FKinBody (line 26)
In IKinBodyIterates (line 59)
 
Warning: Colon operands must be real scalars. This warning will become an error in a future
release. 
> In FKinBody (line 26)
In IKinBodyIterates (line 60)
 
Configuration Number:
     2

Joint Vector (Theta List) =
   -0.1427
   -2.4805
    4.5437
    1.0788
    3.2836
    1.5712

Error Twist (Vb) =
   1.0e-03 *

   -0.7806
   -0.0622
   -0.0085
   -0.4672
    0.0055
   -0.0247

Angular Error Magnitude (AEM)
   7.8315e-04

Linear Error Magnitude (LEM)
   4.6792e-04

Theta Matrix
   -0.2228   -0.1433   -0.1427
   -2.5596   -2.4969   -2.4805
    4.4635    4.5832    4.5437
    0.9976    1.1600    1.0788
    3.2043    3.2847    3.2836
    1.4908    1.6757    1.5712

SE(3) End Effector Configuration
    0.0000    1.0000   -0.0008   -0.5000
    0.0001   -0.0008   -1.0000    0.1000
   -1.0000    0.0000   -0.0001    0.0995
         0         0         0    1.0000

Warning: Colon operands must be real scalars. This warning will become an error in a future
release. 
> In FKinBody (line 26)
In IKinBodyIterates (line 59)
 
Warning: Colon operands must be real scalars. This warning will become an error in a future
release. 
> In FKinBody (line 26)
In IKinBodyIterates (line 60)
 
Configuration Number:
     3

Joint Vector (Theta List) =
   -0.1428
   -2.4795
    4.5435
    1.0775
    3.2844
    1.5708

Error Twist (Vb) =
   1.0e-06 *

   -0.0139
    0.3588
    0.0265
    0.0090
   -0.2116
   -0.0191

Angular Error Magnitude (AEM)
   3.6003e-07

Linear Error Magnitude (LEM)
   2.1267e-07

Theta Matrix
   -0.2228   -0.1433   -0.1427   -0.1428
   -2.5596   -2.4969   -2.4805   -2.4795
    4.4635    4.5832    4.5437    4.5435
    0.9976    1.1600    1.0788    1.0775
    3.2043    3.2847    3.2836    3.2844
    1.4908    1.6757    1.5712    1.5708

SE(3) End Effector Configuration
   -0.0000    1.0000   -0.0000   -0.5000
   -0.0000   -0.0000   -1.0000    0.1000
   -1.0000   -0.0000    0.0000    0.1000
         0         0         0    1.0000