0.000000,0.000000,1.000000,0.000000,1.000000,0.000000,-1.000000,0.000000,0.000000,0.500000,0.000000,0.500000,0.000000
0.000000,0.000000,1.000000,0.000000,1.000000,0.000000,-1.000000,0.000000,0.000000,0.500000,0.000000,0.500000,0.000000
-0.000005,0.000000,1.000000,0.000000,1.000000,0.000000,-1.000000,0.000000,-0.000005,0.500001,0.000001,0.500000,0.000000
-0.000016,0.000000,1.000000,0.000000,1.000000,0.000000,-1.000000,0.000000,-0.000016,0.500003,0.000003,0.499999,0.000000
-0.000038,0.000000,1.000000,0.000000,1.000000,0.000000,-1.000000,0.000000,-0.000038,0.500007,0.000007,0.499998,0.000000
-0.000074,0.000000,1.000000,0.000000,1.000000,0.000000,-1.000000,0.000000,-0.000074,0.500014,0.000014,0.499996,0.000000
-0.000127,0.000000,1.000000,0.000000,1.000000,0.000000,-1.000000,0.000000,-0.000127,0.500024,0.000024,0.499994,0.000000
-0.000201,0.000000,1.000000,0.000000,1.000000,0.000000,-1.000000,0.000000,-0.000201,0.500038,0.000038,0.499990,0.000000
-0.000299,0.000000,1.000000,0.000000,1.000000,0.000000,-1.000000,0.000000,-0.000299,0.500056,0.000057,0.499985,0.000000
-0.000425,0.000000,1.000000,0.000000,1.000000,0.000000,-1.000000,0.000000,-0.000425,0.500080,0.000081,0.499979,0.000000
-0.000580,0.000000,1.000000,0.000000,1.000000,0.000000,-1.000000,0.000000,-0.000580,0.500109,0.000111,0.499971,0.000000
-0.000768,0.000000,1.000000,0.000000,1.000000,0.000000,-1.000000,0.000000,-0.000768,0.500144,0.000147,0.499961,0.000000
-0.000993,0.000000,1.000000,0.000000,1.000000,0.000000,-1.000000,0.000000,-0.000993,0.500186,0.000190,0.499950,0.000000
-0.001257,0.000000,0.999999,0.000000,1.000000,0.000000,-0.999999,0.000000,-0.001257,0.500236,0.000240,0.499937,0.000000
-0.001563,0.000000,0.999999,0.000000,1.000000,0.000000,-0.999999,0.000000,-0.001563,0.500293,0.000299,0.499921,0.000000
-0.001915,0.000000,0.999998,0.000000,1.000000,0.000000,-0.999998,0.000000,-0.001915,0.500359,0.000366,0.499903,0.000000
-0.002313,0.000000,0.999997,0.000000,1.000000,0.000000,-0.999997,0.000000,-0.002313,0.500434,0.000442,0.499883,0.000000
-0.002762,0.000000,0.999996,0.000000,1.000000,0.000000,-0.999996,0.000000,-0.002762,0.500518,0.000528,0.499860,0.000000
-0.003265,0.000000,0.999995,0.000000,1.000000,0.000000,-0.999995,0.000000,-0.003265,0.500612,0.000624,0.499835,0.000000
-0.003823,0.000000,0.999993,0.000000,1.000000,0.000000,-0.999993,0.000000,-0.003823,0.500716,0.000730,0.499807,0.000000
-0.004439,0.000000,0.999990,0.000000,1.000000,0.000000,-0.999990,0.000000,-0.004439,0.500832,0.000848,0.499775,0.000000
-0.005116,0.000000,0.999987,0.000000,1.000000,0.000000,-0.999987,0.000000,-0.005116,0.500959,0.000977,0.499741,0.000000
-0.005855,0.000000,0.999983,0.000000,1.000000,0.000000,-0.999983,0.000000,-0.005855,0.501097,0.001118,0.499703,0.000000
-0.006661,0.000000,0.999978,0.000000,1.000000,0.000000,-0.999978,0.000000,-0.006661,0.501248,0.001272,0.499661,0.000000
-0.007534,0.000000,0.999972,0.000000,1.000000,0.000000,-0.999972,0.000000,-0.007534,0.501411,0.001439,0.499616,0.000000
-0.008478,0.000000,0.999964,0.000000,1.000000,0.000000,-0.999964,0.000000,-0.008478,0.501588,0.001619,0.499567,0.000000
-0.009493,0.000000,0.999955,0.000000,1.000000,0.000000,-0.999955,0.000000,-0.009493,0.501778,0.001813,0.499515,0.000000
-0.010583,0.000000,0.999944,0.000000,1.000000,0.000000,-0.999944,0.000000,-0.010583,0.501982,0.002021,0.499458,0.000000
-0.011750,0.000000,0.999931,0.000000,1.000000,0.000000,-0.999931,0.000000,-0.011750,0.502200,0.002244,0.499397,0.000000
-0.012995,0.000000,0.999916,0.000000,1.000000,0.000000,-0.999916,0.000000,-0.012995,0.502432,0.002482,0.499331,0.000000
-0.014322,0.000000,0.999897,0.000000,1.000000,0.000000,-0.999897,0.000000,-0.014322,0.502680,0.002735,0.499261,0.000000
-0.015730,0.000000,0.999876,0.000000,1.000000,0.000000,-0.999876,0.000000,-0.015730,0.502943,0.003004,0.499187,0.000000
-0.017223,0.000000,0.999852,0.000000,1.000000,0.000000,-0.999852,0.000000,-0.017223,0.503222,0.003290,0.499107,0.000000
-0.018803,0.000000,0.999823,0.000000,1.000000,0.000000,-0.999823,0.000000,-0.018803,0.503517,0.003591,0.499022,0.000000
-0.020470,0.000000,0.999790,0.000000,1.000000,0.000000,-0.999790,0.000000,-0.020470,0.503828,0.003910,0.498932,0.000000
-0.022227,0.000000,0.999753,0.000000,1.000000,0.000000,-0.999753,0.000000,-0.022227,0.504155,0.004245,0.498837,0.000000
-0.024076,0.000000,0.999710,0.000000,1.000000,0.000000,-0.999710,0.000000,-0.024076,0.504500,0.004599,0.498736,0.000000
-0.026018,0.000000,0.999661,0.000000,1.000000,0.000000,-0.999661,0.000000,-0.026018,0.504861,0.004970,0.498629,0.000000
-0.028055,0.000000,0.999606,0.000000,1.000000,0.000000,-0.999606,0.000000,-0.028055,0.505241,0.005359,0.498517,0.000000
-0.030188,0.000000,0.999544,0.000000,1.000000,0.000000,-0.999544,0.000000,-0.030188,0.505637,0.005766,0.498398,0.000000
-0.032419,0.000000,0.999474,0.000000,1.000000,0.000000,-0.999474,0.000000,-0.032419,0.506052,0.006193,0.498273,0.000000
-0.034749,0.000000,0.999396,0.000000,1.000000,0.000000,-0.999396,0.000000,-0.034749,0.506485,0.006638,0.498141,0.000000
-0.037180,0.000000,0.999309,0.000000,1.000000,0.000000,-0.999309,0.000000,-0.037180,0.506936,0.007102,0.498002,0.000000
-0.039712,0.000000,0.999211,0.000000,1.000000,0.000000,-0.999211,0.000000,-0.039712,0.507406,0.007586,0.497857,0.000000
-0.042347,0.000000,0.999103,0.000000,1.000000,0.000000,-0.999103,0.000000,-0.042347,0.507895,0.008090,0.497704,0.000000
-0.045087,0.000000,0.998983,0.000000,1.000000,0.000000,-0.998983,0.000000,-0.045087,0.508403,0.008614,0.497544,0.000000
-0.047933,0.000000,0.998851,0.000000,1.000000,0.000000,-0.998851,0.000000,-0.047933,0.508930,0.009158,0.497376,0.000000
-0.050885,0.000000,0.998705,0.000000,1.000000,0.000000,-0.998705,0.000000,-0.050885,0.509476,0.009722,0.497201,0.000000
-0.053944,0.000000,0.998544,0.000000,1.000000,0.000000,-0.998544,0.000000,-0.053944,0.510041,0.010308,0.497017,0.000000
-0.057113,0.000000,0.998368,0.000000,1.000000,0.000000,-0.998368,0.000000,-0.057113,0.510627,0.010914,0.496825,0.000000
-0.060390,0.000000,0.998175,0.000000,1.000000,0.000000,-0.998175,0.000000,-0.060390,0.511232,0.011541,0.496624,0.000000
-0.063779,0.000000,0.997964,0.000000,1.000000,0.000000,-0.997964,0.000000,-0.063779,0.511856,0.012189,0.496414,0.000000
-0.067278,0.000000,0.997734,0.000000,1.000000,0.000000,-0.997734,0.000000,-0.067278,0.512501,0.012859,0.496195,0.000000
-0.070890,0.000000,0.997484,0.000000,1.000000,0.000000,-0.997484,0.000000,-0.070890,0.513166,0.013550,0.495967,0.000000
-0.074615,0.000000,0.997212,0.000000,1.000000,0.000000,-0.997212,0.000000,-0.074615,0.513850,0.014264,0.495729,0.000000
-0.078453,0.000000,0.996918,0.000000,1.000000,0.000000,-0.996918,0.000000,-0.078453,0.514555,0.014999,0.495481,0.000000
-0.082405,0.000000,0.996599,0.000000,1.000000,0.000000,-0.996599,0.000000,-0.082405,0.515280,0.015756,0.495222,0.000000
-0.086472,0.000000,0.996254,0.000000,1.000000,0.000000,-0.996254,0.000000,-0.086472,0.516025,0.016536,0.494953,0.000000
-0.090655,0.000000,0.995882,0.000000,1.000000,0.000000,-0.995882,0.000000,-0.090655,0.516791,0.017338,0.494673,0.000000
-0.094952,0.000000,0.995482,0.000000,1.000000,0.000000,-0.995482,0.000000,-0.094952,0.517577,0.018162,0.494382,0.000000
-0.099366,0.000000,0.995051,0.000000,1.000000,0.000000,-0.995051,0.000000,-0.099366,0.518382,0.019009,0.494080,0.000000
-0.103896,0.000000,0.994588,0.000000,1.000000,0.000000,-0.994588,0.000000,-0.103896,0.519209,0.019879,0.493765,0.000000
-0.108543,0.000000,0.994092,0.000000,1.000000,0.000000,-0.994092,0.000000,-0.108543,0.520055,0.020771,0.493439,0.000000
-0.113306,0.000000,0.993560,0.000000,1.000000,0.000000,-0.993560,0.000000,-0.113306,0.520921,0.021686,0.493100,0.000000
-0.118187,0.000000,0.992991,0.000000,1.000000,0.000000,-0.992991,0.000000,-0.118187,0.521808,0.022625,0.492748,0.000000
-0.123184,0.000000,0.992384,0.000000,1.000000,0.000000,-0.992384,0.000000,-0.123184,0.522714,0.023586,0.492383,0.000000
-0.128298,0.000000,0.991736,0.000000,1.000000,0.000000,-0.991736,0.000000,-0.128298,0.523641,0.024571,0.492005,0.000000
-0.133529,0.000000,0.991045,0.000000,1.000000,0.000000,-0.991045,0.000000,-0.133529,0.524587,0.025579,0.491612,0.000000
-0.138878,0.000000,0.990310,0.000000,1.000000,0.000000,-0.990310,0.000000,-0.138878,0.525553,0.026610,0.491206,0.000000
-0.144342,0.000000,0.989528,0.000000,1.000000,0.000000,-0.989528,0.000000,-0.144342,0.526538,0.027664,0.490785,0.000000
-0.149924,0.000000,0.988698,0.000000,1.000000,0.000000,-0.988698,0.000000,-0.149924,0.527543,0.028742,0.490349,0.000000
-0.155621,0.000000,0.987817,0.000000,1.000000,0.000000,-0.987817,0.000000,-0.155621,0.528567,0.029843,0.489897,0.000000
-0.161434,0.000000,0.986884,0.000000,1.000000,0.000000,-0.986884,0.000000,-0.161434,0.529610,0.030967,0.489430,0.000000
-0.167362,0.000000,0.985895,0.000000,1.000000,0.000000,-0.985895,0.000000,-0.167362,0.530672,0.032115,0.488947,0.000000
-0.173405,0.000000,0.984851,0.000000,1.000000,0.000000,-0.984851,0.000000,-0.173405,0.531752,0.033286,0.488448,0.000000
-0.179563,0.000000,0.983747,0.000000,1.000000,0.000000,-0.983747,0.000000,-0.179563,0.532851,0.034481,0.487931,0.000000
-0.185833,0.000000,0.982581,0.000000,1.000000,0.000000,-0.982581,0.000000,-0.185833,0.533969,0.035699,0.487398,0.000000
-0.192217,0.000000,0.981352,0.000000,1.000000,0.000000,-0.981352,0.000000,-0.192217,0.535104,0.036941,0.486847,0.000000
-0.198712,0.000000,0.980058,0.000000,1.000000,0.000000,-0.980058,0.000000,-0.198712,0.536257,0.038206,0.486277,0.000000
-0.205319,0.000000,0.978695,0.000000,1.000000,0.000000,-0.978695,0.000000,-0.205319,0.537427,0.039494,0.485690,0.000000
-0.212036,0.000000,0.977262,0.000000,1.000000,0.000000,-0.977262,0.000000,-0.212036,0.538614,0.040806,0.485084,0.000000
-0.218861,0.000000,0.975756,0.000000,1.000000,0.000000,-0.975756,0.000000,-0.218861,0.539818,0.042141,0.484459,0.000000
-0.225795,0.000000,0.974175,0.000000,1.000000,0.000000,-0.974175,0.000000,-0.225795,0.541039,0.043499,0.483814,0.000000
-0.232836,0.000000,0.972516,0.000000,1.000000,0.000000,-0.972516,0.000000,-0.232836,0.542276,0.044880,0.483149,0.000000
-0.239982,0.000000,0.970777,0.000000,1.000000,0.000000,-0.970777,0.000000,-0.239982,0.543529,0.046285,0.482464,0.000000
-0.247233,0.000000,0.968956,0.000000,1.000000,0.000000,-0.968956,0.000000,-0.247233,0.544797,0.047713,0.481758,0.000000
-0.254587,0.000000,0.967050,0.000000,1.000000,0.000000,-0.967050,0.000000,-0.254587,0.546080,0.049164,0.481031,0.000000
-0.262041,0.000000,0.965057,0.000000,1.000000,0.000000,-0.965057,0.000000,-0.262041,0.547377,0.050637,0.480283,0.000000
-0.269596,0.000000,0.962973,0.000000,1.000000,0.000000,-0.962973,0.000000,-0.269596,0.548689,0.052134,0.479513,0.000000
-0.277249,0.000000,0.960798,0.000000,1.000000,0.000000,-0.960798,0.000000,-0.277249,0.550015,0.053654,0.478721,0.000000
-0.284998,0.000000,0.958528,0.000000,1.000000,0.000000,-0.958528,0.000000,-0.284998,0.551354,0.055196,0.477906,0.000000
-0.292842,0.000000,0.956161,0.000000,1.000000,0.000000,-0.956161,0.000000,-0.292842,0.552705,0.056761,0.477068,0.000000
-0.300779,0.000000,0.953694,0.000000,1.000000,0.000000,-0.953694,0.000000,-0.300779,0.554070,0.058348,0.476206,0.000000
-0.308807,0.000000,0.951125,0.000000,1.000000,0.000000,-0.951125,0.000000,-0.308807,0.555446,0.059958,0.475321,0.000000
-0.316923,0.000000,0.948451,0.000000,1.000000,0.000000,-0.948451,0.000000,-0.316923,0.556833,0.061590,0.474412,0.000000
-0.325126,0.000000,0.945671,0.000000,1.000000,0.000000,-0.945671,0.000000,-0.325126,0.558232,0.063244,0.473479,0.000000
-0.333413,0.000000,0.942781,0.000000,1.000000,0.000000,-0.942781,0.000000,-0.333413,0.559640,0.064920,0.472521,0.000000
-0.341783,0.000000,0.939779,0.000000,1.000000,0.000000,-0.939779,0.000000,-0.341783,0.561059,0.066618,0.471537,0.000000
-0.350232,0.000000,0.936663,0.000000,1.000000,0.000000,-0.936663,0.000000,-0.350232,0.562486,0.068338,0.470528,0.000000
-0.358759,0.000000,0.933430,0.000000,1.000000,0.000000,-0.933430,0.000000,-0.358759,0.563923,0.070080,0.469494,0.000000
-0.367361,0.000000,0.930079,0.000000,1.000000,0.000000,-0.930079,0.000000,-0.367361,0.565367,0.071843,0.468433,0.000000
-0.376035,0.000000,0.926606,0.000000,1.000000,0.000000,-0.926606,0.000000,-0.376035,0.566819,0.073628,0.467346,0.000000
-0.384778,0.000000,0.923009,0.000000,1.000000,0.000000,-0.923009,0.000000,-0.384778,0.568278,0.075433,0.466233,0.000000
-0.393588,0.000000,0.919287,0.000000,1.000000,0.000000,-0.919287,0.000000,-0.393588,0.569743,0.077260,0.465092,0.000000
-0.402462,0.000000,0.915437,0.000000,1.000000,0.000000,-0.915437,0.000000,-0.402462,0.571213,0.079107,0.463924,0.000000
-0.411398,0.000000,0.911456,0.000000,1.000000,0.000000,-0.911456,0.000000,-0.411398,0.572689,0.080976,0.462729,0.000000
-0.420391,0.000000,0.907343,0.000000,1.000000,0.000000,-0.907343,0.000000,-0.420391,0.574168,0.082864,0.461506,0.000000
-0.429439,0.000000,0.903096,0.000000,1.000000,0.000000,-0.903096,0.000000,-0.429439,0.575651,0.084773,0.460255,0.000000
-0.438539,0.000000,0.898712,0.000000,1.000000,0.000000,-0.898712,0.000000,-0.438539,0.577137,0.086702,0.458976,0.000000
-0.447688,0.000000,0.894190,0.000000,1.000000,0.000000,-0.894190,0.000000,-0.447688,0.578626,0.088652,0.457669,0.000000
-0.456882,0.000000,0.889527,0.000000,1.000000,0.000000,-0.889527,0.000000,-0.456882,0.580115,0.090620,0.456332,0.000000
-0.466119,0.000000,0.884722,0.000000,1.000000,0.000000,-0.884722,0.000000,-0.466119,0.581606,0.092609,0.454967,0.000000
-0.475394,0.000000,0.879773,0.000000,1.000000,0.000000,-0.879773,0.000000,-0.475394,0.583096,0.094617,0.453573,0.000000
-0.484704,0.000000,0.874678,0.000000,1.000000,0.000000,-0.874678,0.000000,-0.484704,0.584586,0.096644,0.452150,0.000000
-0.494045,0.000000,0.869436,0.000000,1.000000,0.000000,-0.869436,0.000000,-0.494045,0.586074,0.098689,0.450698,0.000000
-0.503415,0.000000,0.864045,0.000000,1.000000,0.000000,-0.864045,0.000000,-0.503415,0.587560,0.100754,0.449217,0.000000
-0.512809,0.000000,0.858503,0.000000,1.000000,0.000000,-0.858503,0.000000,-0.512809,0.589043,0.102837,0.447706,0.000000
-0.522223,0.000000,0.852809,0.000000,1.000000,0.000000,-0.852809,0.000000,-0.522223,0.590522,0.104938,0.446165,0.000000
-0.531654,0.000000,0.846962,0.000000,1.000000,0.000000,-0.846962,0.000000,-0.531654,0.591996,0.107058,0.444595,0.000000
-0.541098,0.000000,0.840959,0.000000,1.000000,0.000000,-0.840959,0.000000,-0.541098,0.593466,0.109195,0.442995,0.000000
-0.550551,0.000000,0.834801,0.000000,1.000000,0.000000,-0.834801,0.000000,-0.550551,0.594929,0.111350,0.441365,0.000000
-0.560010,0.000000,0.828486,0.000000,1.000000,0.000000,-0.828486,0.000000,-0.560010,0.596385,0.113522,0.439706,0.000000
-0.569469,0.000000,0.822013,0.000000,1.000000,0.000000,-0.822013,0.000000,-0.569469,0.597833,0.115711,0.438017,0.000000
-0.578925,0.000000,0.815381,0.000000,1.000000,0.000000,-0.815381,0.000000,-0.578925,0.599273,0.117917,0.436298,0.000000
-0.588375,0.000000,0.808588,0.000000,1.000000,0.000000,-0.808588,0.000000,-0.588375,0.600704,0.120139,0.434550,0.000000
-0.597813,0.000000,0.801636,0.000000,1.000000,0.000000,-0.801636,0.000000,-0.597813,0.602124,0.122378,0.432772,0.000000
-0.607236,0.000000,0.794522,0.000000,1.000000,0.000000,-0.794522,0.000000,-0.607236,0.603533,0.124633,0.430965,0.000000
-0.616639,0.000000,0.787246,0.000000,1.000000,0.000000,-0.787246,0.000000,-0.616639,0.604931,0.126904,0.429128,0.000000
-0.626019,0.000000,0.779808,0.000000,1.000000,0.000000,-0.779808,0.000000,-0.626019,0.606316,0.129190,0.427263,0.000000
-0.635370,0.000000,0.772207,0.000000,1.000000,0.000000,-0.772207,0.000000,-0.635370,0.607688,0.131492,0.425368,0.000000
-0.644690,0.000000,0.764444,0.000000,1.000000,0.000000,-0.764444,0.000000,-0.644690,0.609045,0.133808,0.423444,0.000000
-0.653973,0.000000,0.756518,0.000000,1.000000,0.000000,-0.756518,0.000000,-0.653973,0.610387,0.136139,0.421491,0.000000
-0.663215,0.000000,0.748429,0.000000,1.000000,0.000000,-0.748429,0.000000,-0.663215,0.611714,0.138485,0.419510,0.000000
-0.672412,0.000000,0.740177,0.000000,1.000000,0.000000,-0.740177,0.000000,-0.672412,0.613024,0.140845,0.417501,0.000000
-0.681559,0.000000,0.731763,0.000000,1.000000,0.000000,-0.731763,0.000000,-0.681559,0.614316,0.143219,0.415464,0.000000
-0.690653,0.000000,0.723186,0.000000,1.000000,0.000000,-0.723186,0.000000,-0.690653,0.615590,0.145606,0.413399,0.000000
-0.699688,0.000000,0.714448,0.000000,1.000000,0.000000,-0.714448,0.000000,-0.699688,0.616845,0.148007,0.411306,0.000000
-0.708661,0.000000,0.705549,0.000000,1.000000,0.000000,-0.705549,0.000000,-0.708661,0.618081,0.150420,0.409187,0.000000
-0.717567,0.000000,0.696489,0.000000,1.000000,0.000000,-0.696489,0.000000,-0.717567,0.619295,0.152847,0.407041,0.000000
-0.726402,0.000000,0.687270,0.000000,1.000000,0.000000,-0.687270,0.000000,-0.726402,0.620489,0.155285,0.404868,0.000000
-0.735162,0.000000,0.677892,0.000000,1.000000,0.000000,-0.677892,0.000000,-0.735162,0.621660,0.157736,0.402670,0.000000
-0.743842,0.000000,0.668356,0.000000,1.000000,0.000000,-0.668356,0.000000,-0.743842,0.622808,0.160199,0.400446,0.000000
-0.752437,0.000000,0.658664,0.000000,1.000000,0.000000,-0.658664,0.000000,-0.752437,0.623933,0.162673,0.398197,0.000000
-0.760945,0.000000,0.648816,0.000000,1.000000,0.000000,-0.648816,0.000000,-0.760945,0.625034,0.165159,0.395923,0.000000
-0.769360,0.000000,0.638815,0.000000,1.000000,0.000000,-0.638815,0.000000,-0.769360,0.626109,0.167655,0.393625,0.000000
-0.777679,0.000000,0.628662,0.000000,1.000000,0.000000,-0.628662,0.000000,-0.777679,0.627159,0.170162,0.391303,0.000000
-0.785896,0.000000,0.618358,0.000000,1.000000,0.000000,-0.618358,0.000000,-0.785896,0.628182,0.172679,0.388958,0.000000
-0.794009,0.000000,0.607906,0.000000,1.000000,0.000000,-0.607906,0.000000,-0.794009,0.629178,0.175206,0.386591,0.000000
-0.802013,0.000000,0.597306,0.000000,1.000000,0.000000,-0.597306,0.000000,-0.802013,0.630146,0.177743,0.384201,0.000000
-0.809904,0.000000,0.586562,0.000000,1.000000,0.000000,-0.586562,0.000000,-0.809904,0.631086,0.180289,0.381790,0.000000
-0.817678,0.000000,0.575675,0.000000,1.000000,0.000000,-0.575675,0.000000,-0.817678,0.631996,0.182844,0.379359,0.000000
-0.825332,0.000000,0.564648,0.000000,1.000000,0.000000,-0.564648,0.000000,-0.825332,0.632877,0.185407,0.376906,0.000000
-0.832861,0.000000,0.553482,0.000000,1.000000,0.000000,-0.553482,0.000000,-0.832861,0.633728,0.187979,0.374435,0.000000
-0.840261,0.000000,0.542181,0.000000,1.000000,0.000000,-0.542181,0.000000,-0.840261,0.634548,0.190559,0.371944,0.000000
-0.847530,0.000000,0.530747,0.000000,1.000000,0.000000,-0.530747,0.000000,-0.847530,0.635336,0.193147,0.369435,0.000000
-0.854663,0.000000,0.519183,0.000000,1.000000,0.000000,-0.519183,0.000000,-0.854663,0.636093,0.195742,0.366908,0.000000
-0.861657,0.000000,0.507491,0.000000,1.000000,0.000000,-0.507491,0.000000,-0.861657,0.636817,0.198344,0.364365,0.000000
-0.868508,0.000000,0.495675,0.000000,1.000000,0.000000,-0.495675,0.000000,-0.868508,0.637508,0.200952,0.361805,0.000000
-0.875213,0.000000,0.483737,0.000000,1.000000,0.000000,-0.483737,0.000000,-0.875213,0.638165,0.203567,0.359230,0.000000
-0.881769,0.000000,0.471681,0.000000,1.000000,0.000000,-0.471681,0.000000,-0.881769,0.638789,0.206188,0.356640,0.000000
-0.888173,0.000000,0.459509,0.000000,1.000000,0.000000,-0.459509,0.000000,-0.888173,0.639378,0.208815,0.354036,0.000000
-0.894421,0.000000,0.447226,0.000000,1.000000,0.000000,-0.447226,0.000000,-0.894421,0.639932,0.211447,0.351419,0.000000
-0.900511,0.000000,0.434834,0.000000,1.000000,0.000000,-0.434834,0.000000,-0.900511,0.640452,0.214084,0.348789,0.000000
-0.906439,0.000000,0.422337,0.000000,1.000000,0.000000,-0.422337,0.000000,-0.906439,0.640935,0.216726,0.346148,0.000000
-0.912203,0.000000,0.409738,0.000000,1.000000,0.000000,-0.409738,0.000000,-0.912203,0.641383,0.219372,0.343496,0.000000
-0.917800,0.000000,0.397042,0.000000,1.000000,0.000000,-0.397042,0.000000,-0.917800,0.641795,0.222022,0.340835,0.000000
-0.923228,0.000000,0.384252,0.000000,1.000000,0.000000,-0.384252,0.000000,-0.923228,0.642170,0.224676,0.338164,0.000000
-0.928484,0.000000,0.371372,0.000000,1.000000,0.000000,-0.371372,0.000000,-0.928484,0.642508,0.227332,0.335485,0.000000
-0.933566,0.000000,0.358405,0.000000,1.000000,0.000000,-0.358405,0.000000,-0.933566,0.642810,0.229992,0.332798,0.000000
-0.938471,0.000000,0.345357,0.000000,1.000000,0.000000,-0.345357,0.000000,-0.938471,0.643074,0.232655,0.330105,0.000000
-0.943199,0.000000,0.332230,0.000000,1.000000,0.000000,-0.332230,0.000000,-0.943199,0.643301,0.235319,0.327406,0.000000
-0.947745,0.000000,0.319029,0.000000,1.000000,0.000000,-0.319029,0.000000,-0.947745,0.643490,0.237986,0.324703,0.000000
-0.952109,0.000000,0.305758,0.000000,1.000000,0.000000,-0.305758,0.000000,-0.952109,0.643641,0.240654,0.321995,0.000000
-0.956290,0.000000,0.292421,0.000000,1.000000,0.000000,-0.292421,0.000000,-0.956290,0.643755,0.243324,0.319284,0.000000
-0.960285,0.000000,0.279022,0.000000,1.000000,0.000000,-0.279022,0.000000,-0.960285,0.643831,0.245994,0.316572,0.000000
-0.964092,0.000000,0.265567,0.000000,1.000000,0.000000,-0.265567,0.000000,-0.964092,0.643869,0.248665,0.313857,0.000000
-0.967712,0.000000,0.252059,0.000000,1.000000,0.000000,-0.252059,0.000000,-0.967712,0.643869,0.251335,0.311143,0.000000
-0.971142,0.000000,0.238502,0.000000,1.000000,0.000000,-0.238502,0.000000,-0.971142,0.643831,0.254006,0.308428,0.000000
-0.974382,0.000000,0.224901,0.000000,1.000000,0.000000,-0.224901,0.000000,-0.974382,0.643755,0.256676,0.305716,0.000000
-0.977430,0.000000,0.211261,0.000000,1.000000,0.000000,-0.211261,0.000000,-0.977430,0.643641,0.259346,0.303005,0.000000
-0.980286,0.000000,0.197586,0.000000,1.000000,0.000000,-0.197586,0.000000,-0.980286,0.643490,0.262014,0.300297,0.000000
-0.982949,0.000000,0.183880,0.000000,1.000000,0.000000,-0.183880,0.000000,-0.982949,0.643301,0.264681,0.297594,0.000000
-0.985419,0.000000,0.170148,0.000000,1.000000,0.000000,-0.170148,0.000000,-0.985419,0.643074,0.267345,0.294895,0.000000
-0.987695,0.000000,0.156395,0.000000,1.000000,0.000000,-0.156395,0.000000,-0.987695,0.642810,0.270008,0.292202,0.000000
-0.989777,0.000000,0.142625,0.000000,1.000000,0.000000,-0.142625,0.000000,-0.989777,0.642508,0.272668,0.289515,0.000000
-0.991665,0.000000,0.128842,0.000000,1.000000,0.000000,-0.128842,0.000000,-0.991665,0.642170,0.275324,0.286836,0.000000
-0.993360,0.000000,0.115051,0.000000,1.000000,0.000000,-0.115051,0.000000,-0.993360,0.641795,0.277978,0.284165,0.000000
-0.994860,0.000000,0.101258,0.000000,1.000000,0.000000,-0.101258,0.000000,-0.994860,0.641383,0.280628,0.281504,0.000000
-0.996168,0.000000,0.087465,0.000000,1.000000,0.000000,-0.087465,0.000000,-0.996168,0.640935,0.283274,0.278852,0.000000
-0.997282,0.000000,0.073678,0.000000,1.000000,0.000000,-0.073678,0.000000,-0.997282,0.640452,0.285916,0.276211,0.000000
-0.998204,0.000000,0.059902,0.000000,1.000000,0.000000,-0.059902,0.000000,-0.998204,0.639932,0.288553,0.273581,0.000000
-0.998935,0.000000,0.046140,0.000000,1.000000,0.000000,-0.046140,0.000000,-0.998935,0.639378,0.291185,0.270964,0.000000
-0.999475,0.000000,0.032397,0.000000,1.000000,0.000000,-0.032397,0.000000,-0.999475,0.638789,0.293812,0.268360,0.000000
-0.999826,0.000000,0.018678,0.000000,1.000000,0.000000,-0.018678,0.000000,-0.999826,0.638165,0.296433,0.265770,0.000000
-0.999988,0.000000,0.004987,0.000000,1.000000,0.000000,-0.004987,0.000000,-0.999988,0.637508,0.299048,0.263195,0.000000
-0.999962,0.000000,-0.008672,0.000000,1.000000,0.000000,0.008672,0.000000,-0.999962,0.636817,0.301656,0.260635,0.000000
-0.999751,0.000000,-0.022294,0.000000,1.000000,0.000000,0.022294,0.000000,-0.999751,0.636093,0.304258,0.258092,0.000000
-0.999356,0.000000,-0.035876,0.000000,1.000000,0.000000,0.035876,0.000000,-0.999356,0.635336,0.306853,0.255565,0.000000
-0.998778,0.000000,-0.049412,0.000000,1.000000,0.000000,0.049412,0.000000,-0.998778,0.634548,0.309441,0.253056,0.000000
-0.998020,0.000000,-0.062899,0.000000,1.000000,0.000000,0.062899,0.000000,-0.998020,0.633728,0.312021,0.250565,0.000000
-0.997082,0.000000,-0.076333,0.000000,1.000000,0.000000,0.076333,0.000000,-0.997082,0.632877,0.314593,0.248094,0.000000
-0.995968,0.000000,-0.089710,0.000000,1.000000,0.000000,0.089710,0.000000,-0.995968,0.631996,0.317156,0.245641,0.000000
-0.994679,0.000000,-0.103026,0.000000,1.000000,0.000000,0.103026,0.000000,-0.994679,0.631086,0.319711,0.243210,0.000000
-0.993217,0.000000,-0.116276,0.000000,1.000000,0.000000,0.116276,0.000000,-0.993217,0.630146,0.322257,0.240799,0.000000
-0.991585,0.000000,-0.129457,0.000000,1.000000,0.000000,0.129457,0.000000,-0.991585,0.629178,0.324794,0.238409,0.000000
-0.989785,0.000000,-0.142566,0.000000,1.000000,0.000000,0.142566,0.000000,-0.989785,0.628182,0.327321,0.236042,0.000000
-0.987820,0.000000,-0.155598,0.000000,1.000000,0.000000,0.155598,0.000000,-0.987820,0.627159,0.329838,0.233697,0.000000
-0.985693,0.000000,-0.168550,0.000000,1.000000,0.000000,0.168550,0.000000,-0.985693,0.626109,0.332345,0.231375,0.000000
-0.983406,0.000000,-0.181419,0.000000,1.000000,0.000000,0.181419,0.000000,-0.983406,0.625034,0.334841,0.229077,0.000000
-0.980962,0.000000,-0.194201,0.000000,1.000000,0.000000,0.194201,0.000000,-0.980962,0.623933,0.337327,0.226803,0.000000
-0.978364,0.000000,-0.206892,0.000000,1.000000,0.000000,0.206892,0.000000,-0.978364,0.622808,0.339801,0.224554,0.000000
-0.975615,0.000000,-0.219490,0.000000,1.000000,0.000000,0.219490,0.000000,-0.975615,0.621660,0.342264,0.222330,0.000000
-0.972718,0.000000,-0.231992,0.000000,1.000000,0.000000,0.231992,0.000000,-0.972718,0.620489,0.344715,0.220132,0.000000
-0.969676,0.000000,-0.244394,0.000000,1.000000,0.000000,0.244394,0.000000,-0.969676,0.619295,0.347153,0.217959,0.000000
-0.966493,0.000000,-0.256693,0.000000,1.000000,0.000000,0.256693,0.000000,-0.966493,0.618081,0.349580,0.215813,0.000000
-0.963172,0.000000,-0.268886,0.000000,1.000000,0.000000,0.268886,0.000000,-0.963172,0.616845,0.351993,0.213694,0.000000
-0.959716,0.000000,-0.280971,0.000000,1.000000,0.000000,0.280971,0.000000,-0.959716,0.615590,0.354394,0.211601,0.000000
-0.956129,0.000000,-0.292946,0.000000,1.000000,0.000000,0.292946,0.000000,-0.956129,0.614316,0.356781,0.209536,0.000000
-0.952414,0.000000,-0.304806,0.000000,1.000000,0.000000,0.304806,0.000000,-0.952414,0.613024,0.359155,0.207499,0.000000
-0.948575,0.000000,-0.316551,0.000000,1.000000,0.000000,0.316551,0.000000,-0.948575,0.611714,0.361515,0.205490,0.000000
-0.944616,0.000000,-0.328177,0.000000,1.000000,0.000000,0.328177,0.000000,-0.944616,0.610387,0.363861,0.203509,0.000000
-0.940540,0.000000,-0.339683,0.000000,1.000000,0.000000,0.339683,0.000000,-0.940540,0.609045,0.366192,0.201556,0.000000
-0.936351,0.000000,-0.351066,0.000000,1.000000,0.000000,0.351066,0.000000,-0.936351,0.607688,0.368508,0.199632,0.000000
-0.932052,0.000000,-0.362324,0.000000,1.000000,0.000000,0.362324,0.000000,-0.932052,0.606316,0.370810,0.197737,0.000000
-0.927648,0.000000,-0.373455,0.000000,1.000000,0.000000,0.373455,0.000000,-0.927648,0.604931,0.373096,0.195872,0.000000
-0.923142,0.000000,-0.384458,0.000000,1.000000,0.000000,0.384458,0.000000,-0.923142,0.603533,0.375367,0.194035,0.000000
-0.918539,0.000000,-0.395330,0.000000,1.000000,0.000000,0.395330,0.000000,-0.918539,0.602124,0.377622,0.192228,0.000000
-0.913842,0.000000,-0.406071,0.000000,1.000000,0.000000,0.406071,0.000000,-0.913842,0.600704,0.379861,0.190450,0.000000
-0.909054,0.000000,-0.416678,0.000000,1.000000,0.000000,0.416678,0.000000,-0.909054,0.599273,0.382083,0.188702,0.000000
-0.904181,0.000000,-0.427149,0.000000,1.000000,0.000000,0.427149,0.000000,-0.904181,0.597833,0.384289,0.186983,0.000000
-0.899226,0.000000,-0.437485,0.000000,1.000000,0.000000,0.437485,0.000000,-0.899226,0.596385,0.386478,0.185294,0.000000
-0.894192,0.000000,-0.447683,0.000000,1.000000,0.000000,0.447683,0.000000,-0.894192,0.594929,0.388650,0.183635,0.000000
-0.889085,0.000000,-0.457743,0.000000,1.000000,0.000000,0.457743,0.000000,-0.889085,0.593466,0.390805,0.182005,0.000000
-0.883907,0.000000,-0.467663,0.000000,1.000000,0.000000,0.467663,0.000000,-0.883907,0.591996,0.392942,0.180405,0.000000
-0.878663,0.000000,-0.477443,0.000000,1.000000,0.000000,0.477443,0.000000,-0.878663,0.590522,0.395062,0.178835,0.000000
-0.873357,0.000000,-0.487081,0.000000,1.000000,0.000000,0.487081,0.000000,-0.873357,0.589043,0.397163,0.177294,0.000000
-0.867992,0.000000,-0.496578,0.000000,1.000000,0.000000,0.496578,0.000000,-0.867992,0.587560,0.399246,0.175783,0.000000
-0.862574,0.000000,-0.505931,0.000000,1.000000,0.000000,0.505931,0.000000,-0.862574,0.586074,0.401311,0.174302,0.000000
-0.857105,0.000000,-0.515142,0.000000,1.000000,0.000000,0.515142,0.000000,-0.857105,0.584586,0.403356,0.172850,0.000000
-0.851590,0.000000,-0.524209,0.000000,1.000000,0.000000,0.524209,0.000000,-0.851590,0.583096,0.405383,0.171427,0.000000
-0.846032,0.000000,-0.533133,0.000000,1.000000,0.000000,0.533133,0.000000,-0.846032,0.581606,0.407391,0.170033,0.000000
-0.840435,0.000000,-0.541912,0.000000,1.000000,0.000000,0.541912,0.000000,-0.840435,0.580115,0.409380,0.168668,0.000000
-0.834804,0.000000,-0.550547,0.000000,1.000000,0.000000,0.550547,0.000000,-0.834804,0.578626,0.411348,0.167331,0.000000
-0.829142,0.000000,-0.559038,0.000000,1.000000,0.000000,0.559038,0.000000,-0.829142,0.577137,0.413298,0.166024,0.000000
-0.823453,0.000000,-0.567384,0.000000,1.000000,0.000000,0.567384,0.000000,-0.823453,0.575651,0.415227,0.164745,0.000000
-0.817741,0.000000,-0.575587,0.000000,1.000000,0.000000,0.575587,0.000000,-0.817741,0.574168,0.417136,0.163494,0.000000
-0.812009,0.000000,-0.583645,0.000000,1.000000,0.000000,0.583645,0.000000,-0.812009,0.572689,0.419024,0.162271,0.000000
-0.806261,0.000000,-0.591560,0.000000,1.000000,0.000000,0.591560,0.000000,-0.806261,0.571213,0.420893,0.161076,0.000000
-0.800501,0.000000,-0.599332,0.000000,1.000000,0.000000,0.599332,0.000000,-0.800501,0.569743,0.422740,0.159908,0.000000
-0.794732,0.000000,-0.606960,0.000000,1.000000,0.000000,0.606960,0.000000,-0.794732,0.568278,0.424567,0.158767,0.000000
-0.788958,0.000000,-0.614447,0.000000,1.000000,0.000000,0.614447,0.000000,-0.788958,0.566819,0.426372,0.157654,0.000000
-0.783183,0.000000,-0.621791,0.000000,1.000000,0.000000,0.621791,0.000000,-0.783183,0.565367,0.428157,0.156567,0.000000
-0.777410,0.000000,-0.628995,0.000000,1.000000,0.000000,0.628995,0.000000,-0.777410,0.563923,0.429920,0.155506,0.000000
-0.771642,0.000000,-0.636058,0.000000,1.000000,0.000000,0.636058,0.000000,-0.771642,0.562486,0.431662,0.154472,0.000000
-0.765882,0.000000,-0.642981,0.000000,1.000000,0.000000,0.642981,0.000000,-0.765882,0.561059,0.433382,0.153463,0.000000
-0.760135,0.000000,-0.649765,0.000000,1.000000,0.000000,0.649765,0.000000,-0.760135,0.559640,0.435080,0.152479,0.000000
-0.754403,0.000000,-0.656412,0.000000,1.000000,0.000000,0.656412,0.000000,-0.754403,0.558232,0.436756,0.151521,0.000000
-0.748689,0.000000,-0.662921,0.000000,1.000000,0.000000,0.662921,0.000000,-0.748689,0.556833,0.438410,0.150588,0.000000
-0.742997,0.000000,-0.669295,0.000000,1.000000,0.000000,0.669295,0.000000,-0.742997,0.555446,0.440042,0.149679,0.000000
-0.737329,0.000000,-0.675534,0.000000,1.000000,0.000000,0.675534,0.000000,-0.737329,0.554070,0.441652,0.148794,0.000000
-0.731689,0.000000,-0.681638,0.000000,1.000000,0.000000,0.681638,0.000000,-0.731689,0.552705,0.443239,0.147932,0.000000
-0.726080,0.000000,-0.687610,0.000000,1.000000,0.000000,0.687610,0.000000,-0.726080,0.551354,0.444804,0.147094,0.000000
-0.720504,0.000000,-0.693451,0.000000,1.000000,0.000000,0.693451,0.000000,-0.720504,0.550015,0.446346,0.146279,0.000000
-0.714964,0.000000,-0.699161,0.000000,1.000000,0.000000,0.699161,0.000000,-0.714964,0.548689,0.447866,0.145487,0.000000
-0.709463,0.000000,-0.704743,0.000000,1.000000,0.000000,0.704743,0.000000,-0.709463,0.547377,0.449363,0.144717,0.000000
-0.704003,0.000000,-0.710197,0.000000,1.000000,0.000000,0.710197,0.000000,-0.704003,0.546080,0.450836,0.143969,0.000000
-0.698588,0.000000,-0.715524,0.000000,1.000000,0.000000,0.715524,0.000000,-0.698588,0.544797,0.452287,0.143242,0.000000
-0.693220,0.000000,-0.720726,0.000000,1.000000,0.000000,0.720726,0.000000,-0.693220,0.543529,0.453715,0.142536,0.000000
-0.687900,0.000000,-0.725805,0.000000,1.000000,0.000000,0.725805,0.000000,-0.687900,0.542276,0.455120,0.141851,0.000000
-0.682632,0.000000,-0.730762,0.000000,1.000000,0.000000,0.730762,0.000000,-0.682632,0.541039,0.456501,0.141186,0.000000
-0.677418,0.000000,-0.735599,0.000000,1.000000,0.000000,0.735599,0.000000,-0.677418,0.539818,0.457859,0.140541,0.000000
-0.672259,0.000000,-0.740316,0.000000,1.000000,0.000000,0.740316,0.000000,-0.672259,0.538614,0.459194,0.139916,0.000000
-0.667159,0.000000,-0.744915,0.000000,1.000000,0.000000,0.744915,0.000000,-0.667159,0.537427,0.460506,0.139310,0.000000
-0.662119,0.000000,-0.749399,0.000000,1.000000,0.000000,0.749399,0.000000,-0.662119,0.536257,0.461794,0.138723,0.000000
-0.657141,0.000000,-0.753768,0.000000,1.000000,0.000000,0.753768,0.000000,-0.657141,0.535104,0.463059,0.138153,0.000000
-0.652227,0.000000,-0.758024,0.000000,1.000000,0.000000,0.758024,0.000000,-0.652227,0.533969,0.464301,0.137602,0.000000
-0.647379,0.000000,-0.762168,0.000000,1.000000,0.000000,0.762168,0.000000,-0.647379,0.532851,0.465519,0.137069,0.000000
-0.642599,0.000000,-0.766203,0.000000,1.000000,0.000000,0.766203,0.000000,-0.642599,0.531752,0.466714,0.136552,0.000000
-0.637888,0.000000,-0.770129,0.000000,1.000000,0.000000,0.770129,0.000000,-0.637888,0.530672,0.467885,0.136053,0.000000
-0.633248,0.000000,-0.773949,0.000000,1.000000,0.000000,0.773949,0.000000,-0.633248,0.529610,0.469033,0.135570,0.000000
-0.628680,0.000000,-0.777664,0.000000,1.000000,0.000000,0.777664,0.000000,-0.628680,0.528567,0.470157,0.135103,0.000000
-0.624186,0.000000,-0.781275,0.000000,1.000000,0.000000,0.781275,0.000000,-0.624186,0.527543,0.471258,0.134651,0.000000
-0.619768,0.000000,-0.784785,0.000000,1.000000,0.000000,0.784785,0.000000,-0.619768,0.526538,0.472336,0.134215,0.000000
-0.615426,0.000000,-0.788194,0.000000,1.000000,0.000000,0.788194,0.000000,-0.615426,0.525553,0.473390,0.133794,0.000000
-0.611162,0.000000,-0.791505,0.000000,1.000000,0.000000,0.791505,0.000000,-0.611162,0.524587,0.474421,0.133388,0.000000
-0.606977,0.000000,-0.794719,0.000000,1.000000,0.000000,0.794719,0.000000,-0.606977,0.523641,0.475429,0.132995,0.000000
-0.602872,0.000000,-0.797838,0.000000,1.000000,0.000000,0.797838,0.000000,-0.602872,0.522714,0.476414,0.132617,0.000000
-0.598848,0.000000,-0.800863,0.000000,1.000000,0.000000,0.800863,0.000000,-0.598848,0.521808,0.477375,0.132252,0.000000
-0.594906,0.000000,-0.803795,0.000000,1.000000,0.000000,0.803795,0.000000,-0.594906,0.520921,0.478314,0.131900,0.000000
-0.591047,0.000000,-0.806637,0.000000,1.000000,0.000000,0.806637,0.000000,-0.591047,0.520055,0.479229,0.131561,0.000000
-0.587271,0.000000,-0.809391,0.000000,1.000000,0.000000,0.809391,0.000000,-0.587271,0.519209,0.480121,0.131235,0.000000
-0.583579,0.000000,-0.812056,0.000000,1.000000,0.000000,0.812056,0.000000,-0.583579,0.518382,0.480991,0.130920,0.000000
-0.579972,0.000000,-0.814636,0.000000,1.000000,0.000000,0.814636,0.000000,-0.579972,0.517577,0.481838,0.130618,0.000000
-0.576450,0.000000,-0.817132,0.000000,1.000000,0.000000,0.817132,0.000000,-0.576450,0.516791,0.482662,0.130327,0.000000
-0.573014,0.000000,-0.819545,0.000000,1.000000,0.000000,0.819545,0.000000,-0.573014,0.516025,0.483464,0.130047,0.000000
-0.569665,0.000000,-0.821877,0.000000,1.000000,0.000000,0.821877,0.000000,-0.569665,0.515280,0.484244,0.129778,0.000000
-0.566401,0.000000,-0.824130,0.000000,1.000000,0.000000,0.824130,0.000000,-0.566401,0.514555,0.485001,0.129519,0.000000
-0.563225,0.000000,-0.826304,0.000000,1.000000,0.000000,0.826304,0.000000,-0.563225,0.513850,0.485736,0.129271,0.000000
-0.560135,0.000000,-0.828401,0.000000,1.000000,0.000000,0.828401,0.000000,-0.560135,0.513166,0.486450,0.129033,0.000000
-0.557132,0.000000,-0.830424,0.000000,1.000000,0.000000,0.830424,0.000000,-0.557132,0.512501,0.487141,0.128805,0.000000
-0.554216,0.000000,-0.832373,0.000000,1.000000,0.000000,0.832373,0.000000,-0.554216,0.511856,0.487811,0.128586,0.000000
-0.551387,0.000000,-0.834250,0.000000,1.000000,0.000000,0.834250,0.000000,-0.551387,0.511232,0.488459,0.128376,0.000000
-0.548645,0.000000,-0.836056,0.000000,1.000000,0.000000,0.836056,0.000000,-0.548645,0.510627,0.489086,0.128175,0.000000
-0.545989,0.000000,-0.837792,0.000000,1.000000,0.000000,0.837792,0.000000,-0.545989,0.510041,0.489692,0.127983,0.000000
-0.543420,0.000000,-0.839461,0.000000,1.000000,0.000000,0.839461,0.000000,-0.543420,0.509476,0.490278,0.127799,0.000000
-0.540936,0.000000,-0.841064,0.000000,1.000000,0.000000,0.841064,0.000000,-0.540936,0.508930,0.490842,0.127624,0.000000
-0.538538,0.000000,-0.842601,0.000000,1.000000,0.000000,0.842601,0.000000,-0.538538,0.508403,0.491386,0.127456,0.000000
-0.536225,0.000000,-0.844075,0.000000,1.000000,0.000000,0.844075,0.000000,-0.536225,0.507895,0.491910,0.127296,0.000000
-0.533997,0.000000,-0.845486,0.000000,1.000000,0.000000,0.845486,0.000000,-0.533997,0.507406,0.492414,0.127143,0.000000
-0.531853,0.000000,-0.846837,0.000000,1.000000,0.000000,0.846837,0.000000,-0.531853,0.506936,0.492898,0.126998,0.000000
-0.529792,0.000000,-0.848128,0.000000,1.000000,0.000000,0.848128,0.000000,-0.529792,0.506485,0.493362,0.126859,0.000000
-0.527813,0.000000,-0.849361,0.000000,1.000000,0.000000,0.849361,0.000000,-0.527813,0.506052,0.493807,0.126727,0.000000
-0.525916,0.000000,-0.850537,0.000000,1.000000,0.000000,0.850537,0.000000,-0.525916,0.505637,0.494234,0.126602,0.000000
-0.524100,0.000000,-0.851657,0.000000,1.000000,0.000000,0.851657,0.000000,-0.524100,0.505241,0.494641,0.126483,0.000000
-0.522363,0.000000,-0.852723,0.000000,1.000000,0.000000,0.852723,0.000000,-0.522363,0.504861,0.495030,0.126371,0.000000
-0.520706,0.000000,-0.853736,0.000000,1.000000,0.000000,0.853736,0.000000,-0.520706,0.504500,0.495401,0.126264,0.000000
-0.519126,0.000000,-0.854698,0.000000,1.000000,0.000000,0.854698,0.000000,-0.519126,0.504155,0.495755,0.126163,0.000000
-0.517623,0.000000,-0.855609,0.000000,1.000000,0.000000,0.855609,0.000000,-0.517623,0.503828,0.496090,0.126068,0.000000
-0.516195,0.000000,-0.856471,0.000000,1.000000,0.000000,0.856471,0.000000,-0.516195,0.503517,0.496409,0.125978,0.000000
-0.514842,0.000000,-0.857285,0.000000,1.000000,0.000000,0.857285,0.000000,-0.514842,0.503222,0.496710,0.125893,0.000000
-0.513561,0.000000,-0.858053,0.000000,1.000000,0.000000,0.858053,0.000000,-0.513561,0.502943,0.496996,0.125813,0.000000
-0.512352,0.000000,-0.858776,0.000000,1.000000,0.000000,0.858776,0.000000,-0.512352,0.502680,0.497265,0.125739,0.000000
-0.511212,0.000000,-0.859455,0.000000,1.000000,0.000000,0.859455,0.000000,-0.511212,0.502432,0.497518,0.125669,0.000000
-0.510141,0.000000,-0.860091,0.000000,1.000000,0.000000,0.860091,0.000000,-0.510141,0.502200,0.497756,0.125603,0.000000
-0.509137,0.000000,-0.860685,0.000000,1.000000,0.000000,0.860685,0.000000,-0.509137,0.501982,0.497979,0.125542,0.000000
-0.508199,0.000000,-0.861240,0.000000,1.000000,0.000000,0.861240,0.000000,-0.508199,0.501778,0.498187,0.125485,0.000000
-0.507324,0.000000,-0.861756,0.000000,1.000000,0.000000,0.861756,0.000000,-0.507324,0.501588,0.498381,0.125433,0.000000
-0.506511,0.000000,-0.862234,0.000000,1.000000,0.000000,0.862234,0.000000,-0.506511,0.501411,0.498561,0.125384,0.000000
-0.505757,0.000000,-0.862676,0.000000,1.000000,0.000000,0.862676,0.000000,-0.505757,0.501248,0.498728,0.125339,0.000000
-0.505062,0.000000,-0.863083,0.000000,1.000000,0.000000,0.863083,0.000000,-0.505062,0.501097,0.498882,0.125297,0.000000
-0.504424,0.000000,-0.863456,0.000000,1.000000,0.000000,0.863456,0.000000,-0.504424,0.500959,0.499023,0.125259,0.000000
-0.503839,0.000000,-0.863798,0.000000,1.000000,0.000000,0.863798,0.000000,-0.503839,0.500832,0.499152,0.125225,0.000000
-0.503307,0.000000,-0.864108,0.000000,1.000000,0.000000,0.864108,0.000000,-0.503307,0.500716,0.499270,0.125193,0.000000
